蛋蛋基本走势K线图历史开奖数据
遗漏数据遗漏分层折线
查询：
近30期
近50期
近100期
近150期
近200期
前天
昨天
今天
开奖日期期号奖号和值
百位十位个位
0
1
2
3
4
5
6
7
8
9
0
1
2
3
4
5
6
7
8
9
0
1
2
3
4
5
6
7
8
9
和值类型
大
小
单
双
2018-05-14 23:05:008879340,3,69
0
1
1
1
1
1
1
1
1
1
1
1
1
3
1
1
1
1
1
1
1
1
1
1
1
1
6
1
1
1
小
单
2018-05-14 23:05:008879330,2,46
0
2
2
2
2
2
2
2
2
2
2
2
2
1
2
2
2
2
2
2
2
2
2
2
4
2
1
2
2
2
小
双
2018-05-14 23:05:008879323,7,818
1
3
3
3
3
3
3
3
3
3
3
3
1
2
3
3
3
7
3
3
3
3
3
3
1
3
2
3
8
3
大
双
2018-05-14 23:05:008879319,6,823
2
4
4
1
4
4
4
4
4
9
4
4
2
3
4
4
6
1
4
4
4
4
4
4
2
4
3
4
8
4
大
单
2018-05-14 23:05:008879309,5,014
3
5
5
2
5
5
5
5
5
9
5
5
3
4
5
5
1
2
5
5
0
5
5
5
3
5
4
5
1
5
大
双
2018-05-14 23:05:008879290,3,811
0
6
6
3
6
6
6
6
6
1
6
6
4
3
6
1
2
3
6
6
1
6
6
6
4
6
5
6
8
6
小
单
2018-05-14 23:05:008879284,3,512
1
7
7
4
4
7
7
7
7
2
7
7
5
3
7
2
3
4
7
7
2
7
7
7
5
5
6
7
1
7
小
双
2018-05-14 23:05:008879275,8,821
2
8
8
5
1
5
8
8
8
3
8
8
6
1
8
3
4
5
8
8
3
8
8
8
6
1
7
8
8
8
大
单
2018-05-14 23:05:008879268,5,215
3
9
9
6
2
1
9
9
8
4
9
9
7
2
9
5
5
6
1
9
4
9
2
9
7
2
8
9
1
9
大
单
2018-05-14 23:05:008879258,7,722
4
10
10
7
3
2
10
10
8
5
10
10
8
3
10
1
6
7
2
10
5
10
1
10
8
3
9
7
2
10
大
双
2018-05-14 23:05:008879243,8,819
5
11
11
3
4
3
11
11
1
6
11
11
9
4
11
2
7
1
8
11
6
11
2
11
9
4
10
1
8
11
大
单
2018-05-14 23:05:008879235,9,721
6
12
12
1
5
5
12
12
2
7
12
12
10
5
12
3
8
2
1
9
7
12
3
12
10
5
11
7
1
12
大
单
2018-05-14 22:05:008879229,2,314
7
13
13
2
6
1
13
13
3
9
13
13
2
6
13
4
9
3
2
1
8
13
4
3
11
6
12
1
2
13
大
双
2018-05-14 22:05:008879216,7,720
8
14
14
3
7
2
6
14
4
1
14
14
1
7
14
5
10
7
3
2
9
14
5
1
12
7
13
7
3
14
大
双
2018-05-14 22:05:008879204,4,715
9
15
15
4
4
3
1
15
5
2
15
15
2
8
4
6
11
1
4
3
10
15
6
2
13
8
14
7
4
15
大
单
2018-05-14 22:05:008879196,8,115
10
16
16
5
1
4
6
16
6
3
16
16
3
9
1
7
12
2
8
4
11
1
7
3
14
9
15
1
5
16
大
单
2018-05-14 22:05:008879182,6,412
11
17
2
6
2
5
1
17
7
4
17
17
4
10
2
8
6
3
1
5
12
1
8
4
4
10
16
2
6
17
小
双
2018-05-14 22:05:008879174,3,411
12
18
1
7
4
6
2
18
8
5
18
18
5
3
3
9
1
4
2
6
13
2
9
5
4
11
17
3
7
18
小
单
2018-05-14 22:05:008879167,1,614
13
19
2
8
1
7
3
7
9
6
19
1
6
1
4
10
2
5
3
7
14
3
10
6
1
12
6
4
8
19
大
双
2018-05-14 22:05:008879159,8,421
14
20
3
9
2
8
4
1
10
9
20
1
7
2
5
11
3
6
8
8
15
4
11
7
4
13
1
5
9
20
大
单
2018-05-14 22:05:008879142,5,310
15
21
2
10
3
9
5
2
11
1
21
2
8
3
6
5
4
7
1
9
16
5
12
3
1
14
2
6
10
21
小
双
2018-05-14 22:05:008879131,0,45
16
1
1
11
4
10
6
3
12
2
0
3
9
4
7
1
5
8
2
10
17
6
13
1
4
15
3
7
11
22
小
单
2018-05-14 22:05:008879128,8,824
17
1
2
12
5
11
7
4
8
3
1
4
10
5
8
2
6
9
8
11
18
7
14
2
1
16
4
8
8
23
大
双
2018-05-14 22:05:008879118,6,418
18
2
3
13
6
12
8
5
8
4
2
5
11
6
9
3
6
10
1
12
19
8
15
3
4
17
5
9
1
24
大
双
2018-05-14 21:05:008879103,4,07
19
3
4
3
7
13
9
6
1
5
3
6
12
7
4
4
1
11
2
13
0
9
16
4
1
18
6
10
2
25
小
单
2018-05-14 21:05:008879095,8,215
20
4
5
1
8
5
10
7
2
6
4
7
13
8
1
5
2
12
8
14
1
10
2
5
2
19
7
11
3
26
大
单
2018-05-14 21:05:008879084,8,719
21
5
6
2
4
1
11
8
3
7
5
8
14
9
2
6
3
13
8
15
2
11
1
6
3
20
8
7
4
27
大
单
2018-05-14 21:05:008879079,3,416
22
6
7
3
1
2
12
9
4
9
6
9
15
3
3
7
4
14
1
16
3
12
2
7
4
21
9
1
5
28
大
双
2018-05-14 21:05:008879066,1,29
23
7
8
4
2
3
6
10
5
1
7
1
16
1
4
8
5
15
2
17
4
13
2
8
1
22
10
2
6
29
小
单
2018-05-14 21:05:008879055,3,19
24
8
9
5
3
5
1
11
6
2
8
1
17
3
5
9
6
16
3
18
5
1
1
9
2
23
11
3
7
30
小
单
2018-05-14 21:05:008879041,4,27
25
1
10
6
4
1
2
12
7
3
9
2
18
1
4
10
7
17
4
19
6
1
2
10
3
24
12
4
8
31
小
单
2018-05-14 21:05:008879036,8,216
26
1
11
7
5
2
6
13
8
4
10
3
19
2
1
11
8
18
8
20
7
2
2
11
4
25
13
5
9
32
大
双
2018-05-14 21:05:008879026,1,916
27
2
12
8
6
3
6
14
9
5
11
1
20
3
2
12
9
19
1
21
8
3
1
12
5
26
14
6
10
9
大
双
2018-05-14 21:05:008879018,7,419
28
3
13
9
7
4
1
15
8
6
12
1
21
4
3
13
10
7
2
22
9
4
2
13
4
27
15
7
11
1
大
单
2018-05-14 21:05:008879004,1,16
29
4
14
10
4
5
2
16
1
7
13
1
22
5
4
14
11
1
3
23
10
1
3
14
1
28
16
8
12
2
小
双
2018-05-14 21:05:008878997,8,419
30
5
15
11
1
6
3
7
2
8
14
1
23
6
5
15
12
2
8
24
11
1
4
15
4
29
17
9
13
3
大
单
2018-05-14 20:05:008878985,6,617
31
6
16
12
2
5
4
1
3
9
15
2
24
7
6
16
6
3
1
25
12
2
5
16
1
30
6
10
14
4
大
单
2018-05-14 20:05:008878970,6,814
0
7
17
13
3
1
5
2
4
10
16
3
25
8
7
17
6
4
2
26
13
3
6
17
2
31
1
11
8
5
大
双
2018-05-14 20:05:008878967,5,921
1
8
18
14
4
2
6
7
5
11
17
4
26
9
8
5
1
5
3
27
14
4
7
18
3
32
2
12
1
9
大
单
2018-05-14 20:05:008878951,7,311
2
1
19
15
5
3
7
1
6
12
18
5
27
10
9
1
2
7
4
28
15
5
8
3
4
33
3
13
2
1
小
单
2018-05-14 20:05:008878946,4,616
3
1
20
16
6
4
6
2
7
13
19
6
28
11
4
2
3
1
5
29
16
6
9
1
5
34
6
14
3
2
大
双
2018-05-14 20:05:008878933,8,516
4
2
21
3
7
5
1
3
8
14
20
7
29
12
1
3
4
2
8
30
17
7
10
2
6
5
1
15
4
3
大
双
2018-05-14 20:05:008878927,3,414
5
3
22
1
8
6
2
7
9
15
21
8
30
3
2
4
5
3
1
31
18
8
11
3
4
1
2
16
5
4
大
双
2018-05-14 20:05:008878914,8,012
6
4
23
2
4
7
3
1
10
16
22
9
31
1
3
5
6
4
8
32
0
9
12
4
1
2
3
17
6
5
小
双
2018-05-14 20:05:008878903,9,214
7
5
24
3
1
8
4
2
11
17
23
10
32
2
4
6
7
5
1
9
1
10
2
5
2
3
4
18
7
6
大
双
2018-05-14 20:05:008878891,4,914
8
1
25
1
2
9
5
3
12
18
24
11
33
3
4
7
8
6
2
1
2
11
1
6
3
4
5
19
8
9
大
双
2018-05-14 20:05:008878882,1,811
9
1
2
2
3
10
6
4
13
19
25
1
34
4
1
8
9
7
3
2
3
12
2
7
4
5
6
20
8
1
小
单
2018-05-14 20:05:008878877,6,215
10
2
1
3
4
11
7
7
14
20
26
1
35
5
2
9
6
8
4
3
4
13
2
8
5
6
7
21
1
2
大
单
2018-05-14 19:05:008878863,7,919
11
3
2
3
5
12
8
1
15
21
27
2
36
6
3
10
1
7
5
4
5
14
1
9
6
7
8
22
2
9
大
单
2018-05-14 19:05:008878854,2,39
12
4
3
1
4
13
9
2
16
22
28
3
2
7
4
11
2
1
6
5
6
15
2
3
7
8
9
23
3
1
小
单
2018-05-14 19:05:008878841,7,917
13
1
4
2
1
14
10
3
17
23
29
4
1
8
5
12
3
7
7
6
7
16
3
1
8
9
10
24
4
9
大
单
2018-05-14 19:05:008878832,2,610
14
1
2
3
2
15
11
4
18
24
30
5
2
9
6
13
4
1
8
7
8
17
4
2
9
10
6
25
5
1
小
双
2018-05-14 19:05:008878825,8,518
15
2
1
4
3
5
12
5
19
25
31
6
1
10
7
14
5
2
8
8
9
18
5
3
10
5
1
26
6
2
大
双
2018-05-14 19:05:008878817,2,211
16
3
2
5
4
1
13
7
20
26
32
7
2
11
8
15
6
3
1
9
10
19
2
4
11
1
2
27
7
3
小
单
2018-05-14 19:05:008878803,9,113
17
4
3
3
5
2
14
1
21
27
33
8
1
12
9
16
7
4
2
9
11
1
1
5
12
2
3
28
8
4
小
单
2018-05-14 19:05:008878799,5,216
18
5
4
1
6
3
15
2
22
9
34
9
2
13
10
5
8
5
3
1
12
1
2
6
13
3
4
29
9
5
大
双
2018-05-14 19:05:008878781,7,816
19
1
5
2
7
4
16
3
23
1
35
10
3
14
11
1
9
7
4
2
13
2
1
7
14
4
5
30
8
6
大
双
2018-05-14 19:05:008878770,2,46
0
1
6
3
8
5
17
4
24
2
36
11
2
15
12
2
10
1
5
3
14
3
2
8
4
5
6
31
1
7
小
双
2018-05-14 19:05:008878769,3,618
1
2
7
4
9
6
18
5
25
9
37
12
1
3
13
3
11
2
6
4
15
4
3
9
1
6
6
32
2
8
大
双
2018-05-14 19:05:008878751,3,711
2
1
8
5
10
7
19
6
26
1
38
13
2
3
14
4
12
3
7
5
16
5
4
10
2
7
1
7
3
9
小
单
2018-05-14 18:05:008878743,7,111
3
1
9
3
11
8
20
7
27
2
39
14
3
1
15
5
13
7
8
6
17
1
5
11
3
8
2
1
4
10
小
单
2018-05-14 18:05:008878735,6,516
4
2
10
1
12
5
21
8
28
3
40
15
4
2
16
6
6
1
9
7
18
1
6
12
4
5
3
2
5
11
大
双
2018-05-14 18:05:008878724,2,511
5
3
11
2
4
1
22
9
29
4
41
16
2
3
17
7
1
2
10
8
19
2
7
13
5
5
4
3
6
12
小
单
2018-05-14 18:05:008878718,9,724
6
4
12
3
1
2
23
10
8
5
42
17
1
4
18
8
2
3
11
9
20
3
8
14
6
1
5
7
7
13
大
双
2018-05-14 18:05:008878704,0,59
7
5
13
4
4
3
24
11
1
6
0
18
2
5
19
9
3
4
12
1
21
4
9
15
7
5
6
1
8
14
小
单
2018-05-14 18:05:008878690,3,25
0
6
14
5
1
4
25
12
2
7
1
19
3
3
20
10
4
5
13
2
22
5
2
16
8
1
7
2
9
15
小
单
2018-05-14 18:05:008878682,6,210
1
7
2
6
2
5
26
13
3
8
2
20
4
1
21
11
6
6
14
3
23
6
2
17
9
2
8
3
10
16
小
双
2018-05-14 18:05:008878673,9,416
2
8
1
3
3
6
27
14
4
9
3
21
5
2
22
12
1
7
15
9
24
7
1
18
4
3
9
4
11
17
大
双
2018-05-14 18:05:008878669,9,624
3
9
2
1
4
7
28
15
5
9
4
22
6
3
23
13
2
8
16
9
25
8
2
19
1
4
6
5
12
18
大
双
2018-05-14 18:05:008878658,3,415
4
10
3
2
5
8
29
16
8
1
5
23
7
3
24
14
3
9
17
1
26
9
3
20
4
5
1
6
13
19
大
单
2018-05-14 18:05:008878649,8,623
5
11
4
3
6
9
30
17
1
9
6
24
8
1
25
15
4
10
8
2
27
10
4
21
1
6
6
7
14
20
大
单
2018-05-14 18:05:008878639,3,416
6
12
5
4
7
10
31
18
2
9
7
25
9
3
26
16
5
11
1
3
28
11
5
22
4
7
1
8
15
21
大
双
2018-05-14 17:05:008878629,6,823
7
13
6
5
8
11
32
19
3
9
8
26
10
1
27
17
6
12
2
4
29
12
6
23
1
8
2
9
8
22
大
单
2018-05-14 17:05:008878617,7,014
8
14
7
6
9
12
33
7
4
1
9
27
11
2
28
18
1
7
3
5
0
13
7
24
2
9
3
10
1
23
大
双
2018-05-14 17:05:008878608,5,821
9
15
8
7
10
13
34
1
8
2
10
28
12
3
29
5
2
1
4
6
1
14
8
25
3
10
4
11
8
24
大
单
2018-05-14 17:05:008878594,0,48
10
16
9
8
4
14
35
2
1
3
0
29
13
4
30
1
3
2
5
7
2
15
9
26
4
11
5
12
1
25
小
双
2018-05-14 17:05:008878585,4,110
11
17
10
9
1
5
36
3
2
4
1
30
14
5
4
2
4
3
6
8
3
1
10
27
1
12
6
13
2
26
小
双
2018-05-14 17:05:008878578,8,824
12
18
11
10
2
1
37
4
8
5
2
31
15
6
1
3
5
4
8
9
4
1
11
28
2
13
7
14
8
27
大
双
2018-05-14 17:05:008878568,1,211
13
19
12
11
3
2
38
5
8
6
3
1
16
7
2
4
6
5
1
10
5
2
2
29
3
14
8
15
1
28
小
单
2018-05-14 17:05:008878550,9,110
0
20
13
12
4
3
39
6
1
7
4
1
17
8
3
5
7
6
2
9
6
1
1
30
4
15
9
16
2
29
小
双
2018-05-14 17:05:008878545,3,08
1
21
14
13
5
5
40
7
2
8
5
2
18
3
4
6
8
7
3
1
0
1
2
31
5
16
10
17
3
30
小
双
2018-05-14 17:05:008878535,2,411
2
22
15
14
6
5
41
8
3
9
6
3
2
1
5
7
9
8
4
2
1
2
3
32
4
17
11
18
4
31
小
单
2018-05-14 17:05:008878528,2,111
3
23
16
15
7
1
42
9
8
10
7
4
2
2
6
8
10
9
5
3
2
1
4
33
1
18
12
19
5
32
小
单
2018-05-14 17:05:008878519,8,118
4
24
17
16
8
2
43
10
1
9
8
5
1
3
7
9
11
10
8
4
3
1
5
34
2
19
13
20
6
33
大
双
2018-05-14 16:05:008878501,1,46
5
1
18
17
9
3
44
11
2
1
9
1
2
4
8
10
12
11
1
5
4
1
6
35
4
20
14
21
7
34
小
双
2018-05-14 16:05:008878491,5,410
6
1
19
18
10
4
45
12
3
2
10
1
3
5
9
5
13
12
2
6
5
2
7
36
4
21
15
22
8
35
小
双
2018-05-14 16:05:008878481,1,68
7
1
20
19
11
5
46
13
4
3
11
1
4
6
10
1
14
13
3
7
6
3
8
37
1
22
6
23
9
36
小
双
2018-05-14 16:05:008878471,3,711
8
1
21
20
12
6
47
14
5
4
12
1
5
3
11
2
15
14
4
8
7
4
9
38
2
23
1
7
10
37
小
单
2018-05-14 16:05:008878461,8,918
9
1
22
21
13
7
48
15
6
5
13
2
6
1
12
3
16
15
8
9
8
5
10
39
3
24
2
1
11
9
大
双
2018-05-14 16:05:008878458,9,825
10
1
23
22
14
8
49
16
8
6
14
3
7
2
13
4
17
16
1
9
9
6
11
40
4
25
3
2
8
1
大
单
2018-05-14 16:05:008878442,3,49
11
2
2
23
15
9
50
17
1
7
15
4
8
3
14
5
18
17
2
1
10
7
12
41
4
26
4
3
1
2
小
单
2018-05-14 16:05:008878434,9,316
12
3
1
24
4
10
51
18
2
8
16
5
9
1
15
6
19
18
3
9
11
8
13
3
1
27
5
4
2
3
大
双
2018-05-14 16:05:008878421,7,816
13
1
2
25
1
11
52
19
3
9
17
6
10
2
16
7
20
7
4
1
12
9
14
1
2
28
6
5
8
4
大
双
2018-05-14 16:05:008878415,9,822
14
1
3
26
2
5
53
20
4
10
18
7
11
3
17
8
21
1
5
9
13
10
15
2
3
29
7
6
8
5
大
双
2018-05-14 16:05:008878402,6,412
15
2
2
27
3
1
54
21
5
11
19
8
12
4
18
9
6
2
6
1
14
11
16
3
4
30
8
7
1
6
小
双
2018-05-14 16:05:008878392,0,13
16
3
2
28
4
2
55
22
6
12
0
9
13
5
19
10
1
3
7
2
15
1
17
4
1
31
9
8
2
7
小
单
2018-05-14 15:05:008878388,4,315
17
4
1
29
5
3
56
23
8
13
1
10
14
6
4
11
2
4
8
3
16
1
18
3
2
32
10
9
3
8
大
单
2018-05-14 15:05:008878379,1,515
18
5
2
30
6
4
57
24
1
9
2
1
15
7
1
12
3
5
9
4
17
2
19
1
3
5
11
10
4
9
大
单
2018-05-14 15:05:008878362,9,415
19
6
2
31
7
5
58
25
2
1
3
1
16
8
2
13
4
6
10
9
18
3
20
2
4
1
12
11
5
10
大
单
2018-05-14 15:05:008878358,4,113
20
7
1
32
8
6
59
26
8
2
4
2
17
9
4
14
5
7
11
1
19
1
21
3
1
2
13
12
6
11
小
单
2018-05-14 15:05:008878349,1,212
21
8
2
33
9
7
60
27
1
9
5
1
18
10
1
15
6
8
12
2
20
1
2
4
2
3
14
13
7
12
小
双
2018-05-14 15:05:008878338,5,114
22
9
3
34
10
8
61
28
8
1
6
1
19
11
2
5
7
9
13
3
21
1
1
5
3
4
15
14
8
13
大
双
2018-05-14 15:05:008878325,3,19
23
10
4
35
11
5
62
29
1
2
7
2
20
3
3
1
8
10
14
4
22
1
2
6
4
5
16
15
9
14
小
单
2018-05-14 15:05:008878310,2,57
0
11
5
36
12
1
63
30
2
3
8
3
2
1
4
2
9
11
15
5
23
1
3
7
5
5
17
16
10
15
小
单
2018-05-14 15:05:008878306,9,621
1
12
6
37
13
2
6
31
3
4
9
4
1
2
5
3
10
12
16
9
24
2
4
8
6
1
6
17
11
16
大
单
2018-05-14 15:05:008878299,5,115
2
13
7
38
14
3
1
32
4
9
10
5
2
3
6
5
11
13
17
1
25
1
5
9
7
2
1
18
12
17
大
单
2018-05-14 15:05:008878281,2,811
3
1
8
39
15
4
2
33
5
1
11
6
2
4
7
1
12
14
18
2
26
1
6
10
8
3
2
19
8
18
小
单
2018-05-14 15:05:008878270,1,67
0
1
9
40
16
5
3
34
6
2
12
1
1
5
8
2
13
15
19
3
27
2
7
11
9
4
6
20
1
19
小
单
2018-05-14 14:05:008878267,9,521
1
2
10
41
17
6
4
7
7
3
13
1
2
6
9
3
14
16
20
9
28
3
8
12
10
5
1
21
2
20
大
单
2018-05-14 14:05:008878252,1,03
2
3
2
42
18
7
5
1
8
4
14
1
3
7
10
4
15
17
21
1
0
4
9
13
11
1
2
22
3
21
小
单
2018-05-14 14:05:008878243,7,212
3
4
1
3
19
8
6
2
9
5
15
1
4
8
11
5
16
7
22
2
1
5
2
14
12
2
3
23
4
22
小
双
2018-05-14 14:05:008878233,1,48
4
5
2
3
20
9
7
3
10
6
16
1
5
9
12
6
17
1
23
3
2
6
1
15
4
3
4
24
5
23
小
双
2018-05-14 14:05:008878226,2,513
5
6
3
1
21
10
6
4
11
7
17
1
2
10
13
7
18
2
24
4
3
7
2
16
1
5
5
25
6
24
小
单
2018-05-14 14:05:008878213,0,47
6
7
4
3
22
11
1
5
12
8
0
2
1
11
14
8
19
3
25
5
4
8
3
17
4
1
6
26
7
25
小
单
2018-05-14 14:05:008878205,9,418
7
8
5
1
23
5
2
6
13
9
1
3
2
12
15
9
20
4
26
9
5
9
4
18
4
2
7
27
8
26
大
双
2018-05-14 14:05:008878190,9,615
0
9
6
2
24
1
3
7
14
10
2
4
3
13
16
10
21
5
27
9
6
10
5
19
1
3
6
28
9
27
大
单
2018-05-14 14:05:008878182,2,711
1
10
2
3
25
2
4
8
15
11
3
5
2
14
17
11
22
6
28
1
7
11
6
20
2
4
1
7
10
28
小
单
2018-05-14 14:05:008878174,6,111
2
11
1
4
4
3
5
9
16
12
4
6
1
15
18
12
6
7
29
2
8
1
7
21
3
5
2
1
11
29
小
单
2018-05-14 14:05:008878160,5,16
0
12
2
5
1
4
6
10
17
13
5
7
2
16
19
5
1
8
30
3
9
1
8
22
4
6
3
2
12
30
小
双
2018-05-14 14:05:008878156,0,612
1
13
3
6
2
5
6
11
18
14
0
8
3
17
20
1
2
9
31
4
10
1
9
23
5
7
6
3
13
31
小
双
2018-05-14 13:05:008878148,5,821
2
14
4
7
3
6
1
12
8
15
1
9
4
18
21
5
3
10
32
5
11
2
10
24
6
8
1
4
8
32
大
单
2018-05-14 13:05:008878132,2,59
3
15
2
8
4
7
2
13
1
16
2
10
2
19
22
1
4
11
33
6
12
3
11
25
7
5
2
5
1
33
小
单
2018-05-14 13:05:008878129,4,922
4
16
1
9
5
8
3
14
2
9
3
11
1
20
4
2
5
12
34
7
13
4
12
26
8
1
3
6
2
9
大
双
2018-05-14 13:05:008878113,2,712
5
17
2
3
6
9
4
15
3
1
4
12
2
21
1
3
6
13
35
8
14
5
13
27
9
2
4
7
3
1
小
双
2018-05-14 13:05:008878108,2,616
6
18
3
1
7
10
5
16
8
2
5
13
2
22
2
4
7
14
36
9
15
6
14
28
10
3
6
1
4
2
大
双
2018-05-14 13:05:008878091,4,611
7
1
4
2
8
11
6
17
1
3
6
14
1
23
4
5
8
15
37
10
16
7
15
29
11
4
6
2
5
3
小
单
2018-05-14 13:05:008878086,8,620
8
1
5
3
9
12
6
18
2
4
7
15
2
24
1
6
9
16
8
11
17
8
16
30
12
5
6
3
6
4
大
双
2018-05-14 13:05:008878071,4,05
9
1
6
4
10
13
1
19
3
5
8
16
3
25
4
7
10
17
1
12
0
9
17
31
13
6
1
4
7
5
小
单
2018-05-14 13:05:008878066,3,312
10
1
7
5
11
14
6
20
4
6
9
17
4
3
1
8
11
18
2
13
1
10
18
3
14
7
2
5
8
6
小
双
2018-05-14 13:05:008878050,0,22
0
2
8
6
12
15
1
21
5
7
0
18
5
1
2
9
12
19
3
14
2
11
2
1
15
8
3
6
9
7
小
双
2018-05-14 13:05:008878045,5,616
1
3
9
7
13
5
2
22
6
8
1
19
6
2
3
5
13
20
4
15
3
12
1
2
16
9
6
7
10
8
大
双
2018-05-14 13:05:008878030,7,512
0
4
10
8
14
1
3
23
7
9
2
20
7
3
4
1
14
7
5
16
4
13
2
3
17
5
1
8
11
9
小
双
2018-05-14 12:05:008878021,6,714
1
1
11
9
15
2
4
24
8
10
3
21
8
4
5
2
6
1
6
17
5
14
3
4
18
1
2
7
12
10
大
双
2018-05-14 12:05:008878012,2,15
2
1
2
10
16
3
5
25
9
11
4
22
2
5
6
3
1
2
7
18
6
1
4
5
19
2
3
1
13
11
小
单
2018-05-14 12:05:008878000,6,410
0
2
1
11
17
4
6
26
10
12
5
23
1
6
7
4
6
3
8
19
7
1
5
6
4
3
4
2
14
12
小
双
2018-05-14 12:05:008877992,4,39
1
3
2
12
18
5
7
27
11
13
6
24
2
7
4
5
1
4
9
20
8
2
6
3
1
4
5
3
15
13
小
单
2018-05-14 12:05:008877984,1,611
2
4
1
13
4
6
8
28
12
14
7
1
3
8
1
6
2
5
10
21
9
3
7
1
2
5
6
4
16
14
小
单
2018-05-14 12:05:008877970,9,312
0
5
2
14
1
7
9
29
13
15
8
1
4
9
2
7
3
6
11
9
10
4
8
3
3
6
1
5
17
15
小
双
2018-05-14 12:05:008877966,2,513
1
6
3
15
2
8
6
30
14
16
9
2
2
10
3
8
4
7
12
1
11
5
9
1
4
5
2
6
18
16
小
单
2018-05-14 12:05:008877954,7,718
2
7
4
16
4
9
1
31
15
17
10
3
1
11
4
9
5
7
13
2
12
6
10
2
5
1
3
7
19
17
大
双
2018-05-14 12:05:008877949,7,723
3
8
5
17
1
10
2
32
16
9
11
4
2
12
5
10
6
7
14
3
13
7
11
3
6
2
4
7
20
18
大
单
2018-05-14 12:05:008877937,7,923
4
9
6
18
2
11
3
7
17
1
12
5
3
13
6
11
7
7
15
4
14
8
12
4
7
3
5
1
21
9
大
单
2018-05-14 12:05:008877929,1,616
5
10
7
19
3
12
4
1
18
9
13
1
4
14
7
12
8
1
16
5
15
9
13
5
8
4
6
2
22
1
大
双
2018-05-14 12:05:008877918,8,319
6
11
8
20
4
13
5
2
8
1
14
1
5
15
8
13
9
2
8
6
16
10
14
3
9
5
1
3
23
2
大
单
2018-05-14 11:05:008877902,0,24
7
12
2
21
5
14
6
3
1
2
0
2
6
16
9
14
10
3
1
7
17
11
2
1
10
6
2
4
24
3
小
双
2018-05-14 11:05:008877899,3,618
8
13
1
22
6
15
7
4
2
9
1
3
7
3
10
15
11
4
2
8
18
12
1
2
11
7
6
5
25
4
大
双
2018-05-14 11:05:008877881,7,311
9
1
2
23
7
16
8
5
3
1
2
4
8
1
11
16
12
7
3
9
19
13
2
3
12
8
1
6
26
5
小
单
2018-05-14 11:05:008877872,9,314
10
1
2
24
8
17
9
6
4
2
3
5
9
2
12
17
13
1
4
9
20
14
3
3
13
9
2
7
27
6
大
双
2018-05-14 11:05:008877868,0,311
11
2
1
25
9
18
10
7
8
3
0
6
10
3
13
18
14
2
5
1
21
15
4
3
14
10
3
8
28
7
小
单
2018-05-14 11:05:008877857,6,821
12
3
2
26
10
19
11
7
1
4
1
7
11
4
14
19
6
3
6
2
22
16
5
1
15
11
4
9
8
8
大
单
2018-05-14 11:05:008877847,9,622
13
4
3
27
11
20
12
7
2
5
2
8
12
5
15
20
1
4
7
9
23
17
6
2
16
12
6
10
1
9
大
双
2018-05-14 11:05:008877837,9,723
14
5
4
28
12
21
13
7
3
6
3
9
13
6
16
21
2
5
8
9
24
18
7
3
17
13
1
7
2
10
大
单
2018-05-14 11:05:008877828,5,518
15
6
5
29
13
22
14
1
8
7
4
10
14
7
17
5
3
6
9
1
25
19
8
4
18
5
2
1
3
11
大
双
2018-05-14 11:05:008877817,1,614
16
7
6
30
14
23
15
7
1
8
5
1
15
8
18
1
4
7
10
2
26
20
9
5
19
1
6
2
4
12
大
双
2018-05-14 11:05:008877804,9,114
17
8
7
31
4
24
16
1
2
9
6
1
16
9
19
2
5
8
11
9
27
1
10
6
20
2
1
3
5
13
大
双
2018-05-14 11:05:008877797,3,515
18
9
8
32
1
25
17
7
3
10
7
2
17
3
20
3
6
9
12
1
28
1
11
7
21
5
2
4
6
14
大
单
2018-05-14 10:05:008877789,7,622
19
10
9
33
2
26
18
1
4
9
8
3
18
1
21
4
7
7
13
2
29
2
12
8
22
1
6
5
7
15
大
双
2018-05-14 10:05:008877777,6,922
20
11
10
34
3
27
19
7
5
1
9
4
19
2
22
5
6
1
14
3
30
3
13
9
23
2
1
6
8
9
大
双
2018-05-14 10:05:008877765,3,513
21
12
11
35
4
5
20
1
6
2
10
5
20
3
23
6
1
2
15
4
31
4
14
10
24
5
2
7
9
1
小
单
2018-05-14 10:05:008877759,0,413
22
13
12
36
5
1
21
2
7
9
0
6
21
1
24
7
2
3
16
5
32
5
15
11
4
1
3
8
10
2
小
单
2018-05-14 10:05:008877740,3,03
0
14
13
37
6
2
22
3
8
1
1
7
22
3
25
8
3
4
17
6
0
6
16
12
1
2
4
9
11
3
小
单
2018-05-14 10:05:008877736,0,06
1
15
14
38
7
3
6
4
9
2
0
8
23
1
26
9
4
5
18
7
0
7
17
13
2
3
5
10
12
4
小
双
2018-05-14 10:05:008877723,2,27
2
16
15
3
8
4
1
5
10
3
1
9
2
2
27
10
5
6
19
8
1
8
2
14
3
4
6
11
13
5
小
单
2018-05-14 10:05:008877710,2,46
0
17
16
1
9
5
2
6
11
4
2
10
2
3
28
11
6
7
20
9
2
9
1
15
4
5
7
12
14
6
小
双
2018-05-14 10:05:008877705,5,212
1
18
17
2
10
5
3
7
12
5
3
11
1
4
29
5
7
8
21
10
3
10
2
16
1
6
8
13
15
7
小
双
2018-05-14 10:05:008877693,9,416
2
19
18
3
11
1
4
8
13
6
4
12
2
5
30
1
8
9
22
9
4
11
1
17
4
7
9
14
16
8
大
双
2018-05-14 10:05:008877687,8,217
3
20
19
1
12
2
5
7
14
7
5
13
3
6
31
2
9
10
8
1
5
12
2
18
1
8
10
15
17
9
大
单
2018-05-14 10:05:008877671,1,35
4
1
20
2
13
3
6
1
15
8
6
1
4
7
32
3
10
11
1
2
6
13
1
3
2
9
11
16
18
10
小
单
2018-05-14 09:05:008877664,7,718
5
1
21
3
4
4
7
2
16
9
7
1
5
8
33
4
11
7
2
3
7
14
2
1
3
10
12
7
19
11
大
双
2018-05-14 09:05:008877658,6,923
6
2
22
4
1
5
8
3
8
10
8
2
6
9
34
5
6
1
3
4
8
15
3
2
4
11
13
1
20
9
大
单
2018-05-14 09:05:008877647,4,415
7
3
23
5
2
6
9
7
1
11
9
3
7
10
4
6
1
2
4
5
9
16
4
3
4
12
14
2
21
1
大
单
2018-05-14 09:05:008877633,5,917
8
4
24
3
3
7
10
1
2
12
10
4
8
11
1
5
2
3
5
6
10
17
5
4
1
13
15
3
22
9
大
单
2018-05-14 09:05:008877623,9,315
9
5
25
3
4
8
11
2
3
13
11
5
9
12
2
1
3
4
6
9
11
18
6
3
2
14
16
4
23
1
大
单
2018-05-14 09:05:008877619,6,116
10
6
26
1
5
9
12
3
4
9
12
6
10
13
3
2
6
5
7
1
12
1
7
1
3
15
17
5
24
2
大
双
2018-05-14 09:05:008877601,8,918
11
1
27
2
6
10
13
4
5
1
13
7
11
14
4
3
1
6
8
2
13
1
8
2
4
16
18
6
25
9
大
双
2018-05-14 09:05:008877595,0,510
12
1
28
3
7
5
14
5
6
2
0
8
12
15
5
4
2
7
1
3
14
2
9
3
5
5
19
7
26
1
小
双
2018-05-14 09:05:008877584,1,510
13
2
29
4
4
1
15
6
7
3
1
1
13
16
6
5
3
8
2
4
15
3
10
4
6
5
20
8
27
2
小
双
2018-05-14 09:05:008877576,6,214
14
3
30
5
1
2
6
7
8
4
2
1
14
17
7
6
6
9
3
5
16
4
2
5
7
1
21
9
28
3
大
双
2018-05-14 09:05:008877568,7,015
15
4
31
6
2
3
1
8
8
5
3
2
15
18
8
7
1
7
4
6
0
5
1
6
8
2
22
10
29
4
大
单
遗漏统计
开奖日期期号奖号和值
百位十位个位
0
1
2
3
4
5
6
7
8
9
0
1
2
3
4
5
6
7
8
9
0
1
2
3
4
5
6
7
8
9
和值类型
大
小
单
双
出现总次数
17
20
16
17
17
17
14
17
22
22
12
18
20
21
13
15
18
20
20
22
10
19
20
15
29
18
23
15
18
12
97
82
90
89
平均遗漏值
8
7
8
9
9
9
11
9
7
6
13
8
7
6
12
10
8
7
7
6
16
8
7
10
4
8
5
10
7
13
2
13
1
1
最大遗漏值
31
24
25
42
25
27
63
34
29
27
42
31
36
25
34
21
22
20
37
32
32
20
21
41
24
34
17
32
28
37
7
79
6
8
最大连出值
2
5
2
2
1
2
2
3
2
3
1
1
2
2
1
1
2
3
2
2
2
2
2
3
2
2
3
2
2
1
9
2
8
6
参数说明
遗漏数据： 自上期开出到本期间隔的期数。
遗漏分层： 将当前遗漏用浅蓝色柱状阴影标注。
出现总次数： 统计期数内实际出现的次数。
平均遗漏值： 统计期数内遗漏的平均值。平均遗漏=每次遗漏期数之和/出现次数。
最大遗漏值： 统计期数内遗漏的最大值。
最大连出值： 统计期数内连续开出的最大值。