蛋蛋基本走势K线图历史开奖数据
遗漏数据遗漏分层折线
查询：
近30期
近50期
近100期
近150期
近200期
前天
昨天
今天
开奖日期期号奖号和值
百位十位个位
0
1
2
3
4
5
6
7
8
9
0
1
2
3
4
5
6
7
8
9
0
1
2
3
4
5
6
7
8
9
和值类型
大
小
单
双
2018-05-11 23:05:008873972,1,36
1
1
2
1
1
1
1
1
1
1
1
1
1
1
1
1
1
1
1
1
1
1
1
3
1
1
1
1
1
1
小
双
2018-05-11 23:05:008873969,5,519
2
2
1
2
2
2
2
2
2
9
2
1
2
2
2
5
2
2
2
2
2
2
2
1
2
5
2
2
2
2
大
单
2018-05-11 23:05:008873955,6,920
3
3
2
3
3
5
3
3
3
1
3
2
3
3
3
1
6
3
3
3
3
3
3
2
3
1
3
3
3
9
大
双
2018-05-11 23:05:008873945,0,510
4
4
3
4
4
5
4
4
4
2
0
3
4
4
4
2
1
4
4
4
4
4
4
3
4
5
4
4
4
1
小
双
2018-05-11 23:05:008873935,3,210
5
5
4
5
5
5
5
5
5
3
1
4
5
3
5
3
2
5
5
5
5
5
2
4
5
1
5
5
5
2
小
双
2018-05-11 23:05:008873924,0,913
6
6
5
6
4
1
6
6
6
4
0
5
6
1
6
4
3
6
6
6
6
6
1
5
6
2
6
6
6
9
小
单
2018-05-11 23:05:008873911,7,917
7
1
6
7
1
2
7
7
7
5
1
6
7
2
7
5
4
7
7
7
7
7
2
6
7
3
7
7
7
9
大
单
2018-05-11 23:05:008873907,4,112
8
1
7
8
2
3
8
7
8
6
2
7
8
3
4
6
5
1
8
8
8
1
3
7
8
4
8
8
8
1
小
双
2018-05-11 23:05:008873897,9,117
9
2
8
9
3
4
9
7
9
7
3
8
9
4
1
7
6
2
9
9
9
1
4
8
9
5
9
9
9
2
大
单
2018-05-11 23:05:008873886,5,516
10
3
9
10
4
5
6
1
10
8
4
9
10
5
2
5
7
3
10
1
10
1
5
9
10
5
10
10
10
3
大
双
2018-05-11 23:05:008873876,0,06
11
4
10
11
5
6
6
2
11
9
0
10
11
6
3
1
8
4
11
2
0
2
6
10
11
1
11
11
11
4
小
双
2018-05-11 23:05:008873863,6,615
12
5
11
3
6
7
1
3
12
10
1
11
12
7
4
2
6
5
12
3
1
3
7
11
12
2
6
12
12
5
大
单
2018-05-11 22:05:008873856,9,722
13
6
12
1
7
8
6
4
13
11
2
12
13
8
5
3
1
6
13
9
2
4
8
12
13
3
1
7
13
6
大
双
2018-05-11 22:05:008873845,2,714
14
7
13
2
8
5
1
5
14
12
3
13
2
9
6
4
2
7
14
1
3
5
9
13
14
4
2
7
14
7
大
双
2018-05-11 22:05:008873831,9,111
15
1
14
3
9
1
2
6
15
13
4
14
1
10
7
5
3
8
15
9
4
1
10
14
15
5
3
1
15
8
小
单
2018-05-11 22:05:008873824,0,711
16
1
15
4
4
2
3
7
16
14
0
15
2
11
8
6
4
9
16
1
5
1
11
15
16
6
4
7
16
9
小
单
2018-05-11 22:05:008873811,2,25
17
1
16
5
1
3
4
8
17
15
1
16
2
12
9
7
5
10
17
2
6
2
2
16
17
7
5
1
17
10
小
单
2018-05-11 22:05:008873802,3,38
18
1
2
6
2
4
5
9
18
16
2
17
1
3
10
8
6
11
18
3
7
3
1
3
18
8
6
2
18
11
小
双
2018-05-11 22:05:008873798,4,012
19
2
1
7
3
5
6
10
8
17
3
18
2
1
4
9
7
12
19
4
0
4
2
1
19
9
7
3
19
12
小
双
2018-05-11 22:05:008873781,3,913
20
1
2
8
4
6
7
11
1
18
4
19
3
3
1
10
8
13
20
5
1
5
3
2
20
10
8
4
20
9
小
单
2018-05-11 22:05:008873770,8,917
0
1
3
9
5
7
8
12
2
19
5
20
4
1
2
11
9
14
8
6
2
6
4
3
21
11
9
5
21
9
大
单
2018-05-11 22:05:008873763,0,47
1
2
4
3
6
8
9
13
3
20
0
21
5
2
3
12
10
15
1
7
3
7
5
4
4
12
10
6
22
1
小
单
2018-05-11 22:05:008873752,6,917
2
3
2
1
7
9
10
14
4
21
1
22
6
3
4
13
6
16
2
8
4
8
6
5
1
13
11
7
23
9
大
单
2018-05-11 22:05:008873745,7,618
3
4
1
2
8
5
11
15
5
22
2
23
7
4
5
14
1
7
3
9
5
9
7
6
2
14
6
8
24
1
大
双
2018-05-11 21:05:008873733,9,618
4
5
2
3
9
1
12
16
6
23
3
24
8
5
6
15
2
1
4
9
6
10
8
7
3
15
6
9
25
2
大
双
2018-05-11 21:05:008873720,4,37
0
6
3
1
10
2
13
17
7
24
4
25
9
6
4
16
3
2
5
1
7
11
9
3
4
16
1
10
26
3
小
单
2018-05-11 21:05:008873711,7,19
1
1
4
2
11
3
14
18
8
25
5
26
10
7
1
17
4
7
6
2
8
1
10
1
5
17
2
11
27
4
小
单
2018-05-11 21:05:008873704,9,215
2
1
5
3
4
4
15
19
9
26
6
27
11
8
2
18
5
1
7
9
9
1
2
2
6
18
3
12
28
5
大
单
2018-05-11 21:05:008873694,4,816
3
2
6
4
4
5
16
20
10
27
7
28
12
9
4
19
6
2
8
1
10
2
1
3
7
19
4
13
8
6
大
双
2018-05-11 21:05:008873680,1,67
0
3
7
5
1
6
17
21
11
28
8
1
13
10
1
20
7
3
9
2
11
3
2
4
8
20
6
14
1
7
小
单
2018-05-11 21:05:008873675,2,18
1
4
8
6
2
5
18
22
12
29
9
1
2
11
2
21
8
4
10
3
12
1
3
5
9
21
1
15
2
8
小
双
2018-05-11 21:05:008873667,2,615
2
5
9
7
3
1
19
7
13
30
10
2
2
12
3
22
9
5
11
4
13
1
4
6
10
22
6
16
3
9
大
单
2018-05-11 21:05:008873650,4,59
0
6
10
8
4
2
20
1
14
31
11
3
1
13
4
23
10
6
12
5
14
2
5
7
11
5
1
17
4
10
小
单
2018-05-11 21:05:008873640,2,46
0
7
11
9
5
3
21
2
15
32
12
4
2
14
1
24
11
7
13
6
15
3
6
8
4
1
2
18
5
11
小
双
2018-05-11 21:05:008873633,2,16
1
8
12
3
6
4
22
3
16
33
13
5
2
15
2
25
12
8
14
7
16
1
7
9
1
2
3
19
6
12
小
双
2018-05-11 21:05:008873623,8,516
2
9
13
3
7
5
23
4
17
34
14
6
1
16
3
26
13
9
8
8
17
1
8
10
2
5
4
20
7
13
大
双
2018-05-11 20:05:008873616,3,514
3
10
14
1
8
6
6
5
18
35
15
7
2
3
4
27
14
10
1
9
18
2
9
11
3
5
5
21
8
14
大
双
2018-05-11 20:05:008873605,0,05
4
11
15
2
9
5
1
6
19
36
0
8
3
1
5
28
15
11
2
10
0
3
10
12
4
1
6
22
9
15
小
单
2018-05-11 20:05:008873599,4,518
5
12
16
3
10
1
2
7
20
9
1
9
4
2
4
29
16
12
3
11
1
4
11
13
5
5
7
23
10
16
大
双
2018-05-11 20:05:008873580,0,66
0
13
17
4
11
2
3
8
21
1
0
10
5
3
1
30
17
13
4
12
2
5
12
14
6
1
6
24
11
17
小
双
2018-05-11 20:05:008873575,4,110
1
14
18
5
12
5
4
9
22
2
1
11
6
4
4
31
18
14
5
13
3
1
13
15
7
2
1
25
12
18
小
双
2018-05-11 20:05:008873566,3,09
2
15
19
6
13
1
6
10
23
3
2
12
7
3
1
32
19
15
6
14
0
1
14
16
8
3
2
26
13
19
小
单
2018-05-11 20:05:008873551,0,12
3
1
20
7
14
2
1
11
24
4
0
13
8
1
2
33
20
16
7
15
1
1
15
17
9
4
3
27
14
20
小
双
2018-05-11 20:05:008873548,4,719
4
1
21
8
15
3
2
12
8
5
1
14
9
2
4
34
21
17
8
16
2
1
16
18
10
5
4
7
15
21
大
单
2018-05-11 20:05:008873533,0,25
5
2
22
3
16
4
3
13
1
6
0
15
10
3
1
35
22
18
9
17
3
2
2
19
11
6
5
1
16
22
小
单
2018-05-11 20:05:008873520,4,59
0
3
23
1
17
5
4
14
2
7
1
16
11
4
4
36
23
19
10
18
4
3
1
20
12
5
6
2
17
23
小
单
2018-05-11 20:05:008873515,5,414
1
4
24
2
18
5
5
15
3
8
2
17
12
5
1
5
24
20
11
19
5
4
2
21
4
1
7
3
18
24
大
双
2018-05-11 20:05:008873506,1,07
2
5
25
3
19
1
6
16
4
9
3
1
13
6
2
1
25
21
12
20
0
5
3
22
1
2
8
4
19
25
小
单
2018-05-11 19:05:008873494,6,212
3
6
26
4
4
2
1
17
5
10
4
1
14
7
3
2
6
22
13
21
1
6
2
23
2
3
9
5
20
26
小
双
2018-05-11 19:05:008873484,8,921
4
7
27
5
4
3
2
18
6
11
5
2
15
8
4
3
1
23
8
22
2
7
1
24
3
4
10
6
21
9
大
单
2018-05-11 19:05:008873476,3,312
5
8
28
6
1
4
6
19
7
12
6
3
16
3
5
4
2
24
1
23
3
8
2
3
4
5
11
7
22
1
小
双
2018-05-11 19:05:008873464,6,616
6
9
29
7
4
5
1
20
8
13
7
4
17
1
6
5
6
25
2
24
4
9
3
1
5
6
6
8
23
2
大
双
2018-05-11 19:05:008873453,1,812
7
10
30
3
1
6
2
21
9
14
8
1
18
2
7
6
1
26
3
25
5
10
4
2
6
7
1
9
8
3
小
双
2018-05-11 19:05:008873443,7,414
8
11
31
3
2
7
3
22
10
15
9
1
19
3
8
7
2
7
4
26
6
11
5
3
4
8
2
10
1
4
大
双
2018-05-11 19:05:008873431,3,26
9
1
32
1
3
8
4
23
11
16
10
2
20
3
9
8
3
1
5
27
7
12
2
4
1
9
3
11
2
5
小
双
2018-05-11 19:05:008873429,3,214
10
1
33
2
4
9
5
24
12
9
11
3
21
3
10
9
4
2
6
28
8
13
2
5
2
10
4
12
3
6
大
双
2018-05-11 19:05:008873413,5,19
11
2
34
3
5
10
6
25
13
1
12
4
22
1
11
5
5
3
7
29
9
1
1
6
3
11
5
13
4
7
小
单
2018-05-11 19:05:008873403,6,615
12
3
35
3
6
11
7
26
14
2
13
5
23
2
12
1
6
4
8
30
10
1
2
7
4
12
6
14
5
8
大
单
2018-05-11 19:05:008873396,6,012
13
4
36
1
7
12
6
27
15
3
14
6
24
3
13
2
6
5
9
31
0
2
3
8
5
13
1
15
6
9
小
双
2018-05-11 19:05:008873387,7,620
14
5
37
2
8
13
1
7
16
4
15
7
25
4
14
3
1
7
10
32
1
3
4
9
6
14
6
16
7
10
大
双
2018-05-11 18:05:008873376,7,417
15
6
38
3
9
14
6
1
17
5
16
8
26
5
15
4
2
7
11
33
2
4
5
10
4
15
1
17
8
11
大
单
2018-05-11 18:05:008873363,5,715
16
7
39
3
10
15
1
2
18
6
17
9
27
6
16
5
3
1
12
34
3
5
6
11
1
16
2
7
9
12
大
单
2018-05-11 18:05:008873352,2,04
17
8
2
1
11
16
2
3
19
7
18
10
2
7
17
1
4
2
13
35
0
6
7
12
2
17
3
1
10
13
小
双
2018-05-11 18:05:008873340,9,817
0
9
1
2
12
17
3
4
20
8
19
11
1
8
18
2
5
3
14
9
1
7
8
13
3
18
4
2
8
14
大
单
2018-05-11 18:05:008873339,4,619
1
10
2
3
13
18
4
5
21
9
20
12
2
9
4
3
6
4
15
1
2
8
9
14
4
19
6
3
1
15
大
单
2018-05-11 18:05:008873329,4,922
2
11
3
4
14
19
5
6
22
9
21
13
3
10
4
4
7
5
16
2
3
9
10
15
5
20
1
4
2
9
大
双
2018-05-11 18:05:008873312,6,513
3
12
2
5
15
20
6
7
23
1
22
14
4
11
1
5
6
6
17
3
4
10
11
16
6
5
2
5
3
1
小
单
2018-05-11 18:05:008873306,9,823
4
13
1
6
16
21
6
8
24
2
23
15
5
12
2
6
1
7
18
9
5
11
12
17
7
1
3
6
8
2
大
单
2018-05-11 18:05:008873292,0,68
5
14
2
7
17
22
1
9
25
3
0
16
6
13
3
7
2
8
19
1
6
12
13
18
8
2
6
7
1
3
小
双
2018-05-11 18:05:008873287,2,211
6
15
1
8
18
23
2
7
26
4
1
17
2
14
4
8
3
9
20
2
7
13
2
19
9
3
1
8
2
4
小
单
2018-05-11 18:05:008873278,4,012
7
16
2
9
19
24
3
1
8
5
2
18
1
15
4
9
4
10
21
3
0
14
1
20
10
4
2
9
3
5
小
双
2018-05-11 18:05:008873260,6,17
0
17
3
10
20
25
4
2
1
6
3
19
2
16
1
10
6
11
22
4
1
1
2
21
11
5
3
10
4
6
小
单
2018-05-11 17:05:008873257,4,617
1
18
4
11
21
26
5
7
2
7
4
20
3
17
4
11
1
12
23
5
2
1
3
22
12
6
6
11
5
7
大
单
2018-05-11 17:05:008873247,9,824
2
19
5
12
22
27
6
7
3
8
5
21
4
18
1
12
2
13
24
9
3
2
4
23
13
7
1
12
8
8
大
双
2018-05-11 17:05:008873233,3,511
3
20
6
3
23
28
7
1
4
9
6
22
5
3
2
13
3
14
25
1
4
3
5
24
14
5
2
13
1
9
小
单
2018-05-11 17:05:008873226,0,28
4
21
7
1
24
29
6
2
5
10
0
23
6
1
3
14
4
15
26
2
5
4
2
25
15
1
3
14
2
10
小
双
2018-05-11 17:05:008873216,8,418
5
22
8
2
25
30
6
3
6
11
1
24
7
2
4
15
5
16
8
3
6
5
1
26
4
2
4
15
3
11
大
双
2018-05-11 17:05:008873204,5,110
6
23
9
3
4
31
1
4
7
12
2
25
8
3
5
5
6
17
1
4
7
1
2
27
1
3
5
16
4
12
小
双
2018-05-11 17:05:008873191,2,69
7
1
10
4
1
32
2
5
8
13
3
26
2
4
6
1
7
18
2
5
8
1
3
28
2
4
6
17
5
13
小
单
2018-05-11 17:05:008873182,8,919
8
1
2
5
2
33
3
6
9
14
4
27
1
5
7
2
8
19
8
6
9
2
4
29
3
5
1
18
6
9
大
单
2018-05-11 17:05:008873171,0,45
9
1
1
6
3
34
4
7
10
15
0
28
2
6
8
3
9
20
1
7
10
3
5
30
4
6
2
19
7
1
小
单
2018-05-11 17:05:008873167,4,011
10
1
2
7
4
35
5
7
11
16
1
29
3
7
4
4
10
21
2
8
0
4
6
31
1
7
3
20
8
2
小
单
2018-05-11 17:05:008873152,2,04
11
2
2
8
5
36
6
1
12
17
2
30
2
8
1
5
11
22
3
9
0
5
7
32
2
8
4
21
9
3
小
双
2018-05-11 17:05:008873143,9,719
12
3
1
3
6
37
7
2
13
18
3
31
1
9
2
6
12
23
4
9
1
6
8
33
3
9
5
7
10
4
大
单
2018-05-11 16:05:008873131,0,56
13
1
2
1
7
38
8
3
14
19
0
32
2
10
3
7
13
24
5
1
2
7
9
34
4
5
6
1
11
5
小
双
2018-05-11 16:05:008873124,3,310
14
1
3
2
4
39
9
4
15
20
1
33
3
3
4
8
14
25
6
2
3
8
10
3
5
1
7
2
12
6
小
双
2018-05-11 16:05:008873119,5,317
15
2
4
3
1
40
10
5
16
9
2
34
4
1
5
5
15
26
7
3
4
9
11
3
6
2
8
3
13
7
大
单
2018-05-11 16:05:008873104,5,211
16
3
5
4
4
41
11
6
17
1
3
35
5
2
6
5
16
27
8
4
5
10
2
1
7
3
9
4
14
8
小
单
2018-05-11 16:05:008873092,7,615
17
4
2
5
1
42
12
7
18
2
4
36
6
3
7
1
17
7
9
5
6
11
1
2
8
4
6
5
15
9
大
单
2018-05-11 16:05:008873088,7,520
18
5
1
6
2
43
13
8
8
3
5
37
7
4
8
2
18
7
10
6
7
12
2
3
9
5
1
6
16
10
大
双
2018-05-11 16:05:008873076,9,419
19
6
2
7
3
44
6
9
1
4
6
38
8
5
9
3
19
1
11
9
8
13
3
4
4
1
2
7
17
11
大
单
2018-05-11 16:05:008873062,0,02
20
7
2
8
4
45
1
10
2
5
0
39
9
6
10
4
20
2
12
1
0
14
4
5
1
2
3
8
18
12
小
双
2018-05-11 16:05:008873054,7,213
21
8
1
9
4
46
2
11
3
6
1
40
10
7
11
5
21
7
13
2
1
15
2
6
2
3
4
9
19
13
小
单
2018-05-11 16:05:008873045,5,111
22
9
2
10
1
5
3
12
4
7
2
41
11
8
12
5
22
1
14
3
2
1
1
7
3
4
5
10
20
14
小
单
2018-05-11 16:05:008873032,2,913
23
10
2
11
2
1
4
13
5
8
3
42
2
9
13
1
23
2
15
4
3
1
2
8
4
5
6
11
21
9
小
单
2018-05-11 16:05:008873023,2,712
24
11
1
3
3
2
5
14
6
9
4
43
2
10
14
2
24
3
16
5
4
2
3
9
5
6
7
7
22
1
小
双
2018-05-11 15:05:008873016,5,819
25
12
2
1
4
3
6
15
7
10
5
44
1
11
15
5
25
4
17
6
5
3
4
10
6
7
8
1
8
2
大
单
2018-05-11 15:05:008873001,7,311
26
1
3
2
5
4
1
16
8
11
6
45
2
12
16
1
26
7
18
7
6
4
5
3
7
8
9
2
1
3
小
单
2018-05-11 15:05:008872997,9,117
27
1
4
3
6
5
2
7
9
12
7
46
3
13
17
2
27
1
19
9
7
1
6
1
8
9
10
3
2
4
大
单
2018-05-11 15:05:008872985,0,510
28
2
5
4
7
5
3
1
10
13
0
47
4
14
18
3
28
2
20
1
8
1
7
2
9
5
11
4
3
5
小
双
2018-05-11 15:05:008872978,4,618
29
3
6
5
8
1
4
2
8
14
1
48
5
15
4
4
29
3
21
2
9
2
8
3
10
1
6
5
4
6
大
双
2018-05-11 15:05:008872966,5,112
30
4
7
6
9
2
6
3
1
15
2
49
6
16
1
5
30
4
22
3
10
1
9
4
11
2
1
6
5
7
小
双
2018-05-11 15:05:008872953,7,515
31
5
8
3
10
3
1
4
2
16
3
50
7
17
2
1
31
7
23
4
11
1
10
5
12
5
2
7
6
8
大
单
2018-05-11 15:05:008872946,7,619
32
6
9
1
11
4
6
5
3
17
4
51
8
18
3
2
32
7
24
5
12
2
11
6
13
1
6
8
7
9
大
单
2018-05-11 15:05:008872937,5,416
33
7
10
2
12
5
1
7
4
18
5
52
9
19
4
5
33
1
25
6
13
3
12
7
4
2
1
9
8
10
大
双
2018-05-11 15:05:008872925,9,620
34
8
11
3
13
5
2
1
5
19
6
53
10
20
5
1
34
2
26
9
14
4
13
8
1
3
6
10
9
11
大
双
2018-05-11 15:05:008872917,5,113
35
9
12
4
14
1
3
7
6
20
7
54
11
21
6
5
35
3
27
1
15
1
14
9
2
4
1
11
10
12
小
单
2018-05-11 15:05:008872908,1,09
36
10
13
5
15
2
4
1
8
21
8
1
12
22
7
1
36
4
28
2
0
1
15
10
3
5
2
12
11
13
小
单
2018-05-11 14:05:008872897,4,617
37
11
14
6
16
3
5
7
1
22
9
1
13
23
4
2
37
5
29
3
1
2
16
11
4
6
6
13
12
14
大
单
2018-05-11 14:05:008872885,7,517
38
12
15
7
17
5
6
1
2
23
10
2
14
24
1
3
38
7
30
4
2
3
17
12
5
5
1
14
13
15
大
单
2018-05-11 14:05:008872875,9,721
39
13
16
8
18
5
7
2
3
24
11
3
15
25
2
4
39
1
31
9
3
4
18
13
6
1
2
7
14
16
大
单
2018-05-11 14:05:008872862,1,36
40
14
2
9
19
1
8
3
4
25
12
1
16
26
3
5
40
2
32
1
4
5
19
3
7
2
3
1
15
17
小
双
2018-05-11 14:05:008872850,3,811
0
15
1
10
20
2
9
4
5
26
13
1
17
3
4
6
41
3
33
2
5
6
20
1
8
3
4
2
8
18
小
单
2018-05-11 14:05:008872842,3,712
1
16
2
11
21
3
10
5
6
27
14
2
18
3
5
7
42
4
34
3
6
7
21
2
9
4
5
7
1
19
小
双
2018-05-11 14:05:008872832,8,919
2
17
2
12
22
4
11
6
7
28
15
3
19
1
6
8
43
5
8
4
7
8
22
3
10
5
6
1
2
9
大
单
2018-05-11 14:05:008872826,4,313
3
18
1
13
23
5
6
7
8
29
16
4
20
2
4
9
44
6
1
5
8
9
23
3
11
6
7
2
3
1
小
单
2018-05-11 14:05:008872818,5,619
4
19
2
14
24
6
1
8
8
30
17
5
21
3
1
5
45
7
2
6
9
10
24
1
12
7
6
3
4
2
大
单
2018-05-11 14:05:008872806,6,618
5
20
3
15
25
7
6
9
1
31
18
6
22
4
2
1
6
8
3
7
10
11
25
2
13
8
6
4
5
3
大
双
2018-05-11 14:05:008872799,6,520
6
21
4
16
26
8
1
10
2
9
19
7
23
5
3
2
6
9
4
8
11
12
26
3
14
5
1
5
6
4
大
双
2018-05-11 14:05:008872789,3,012
7
22
5
17
27
9
2
11
3
9
20
8
24
3
4
3
1
10
5
9
0
13
27
4
15
1
2
6
7
5
小
双
2018-05-11 13:05:008872771,7,19
8
1
6
18
28
10
3
12
4
1
21
9
25
1
5
4
2
7
6
10
1
1
28
5
16
2
3
7
8
6
小
单
2018-05-11 13:05:008872768,3,011
9
1
7
19
29
11
4
13
8
2
22
10
26
3
6
5
3
1
7
11
0
1
29
6
17
3
4
8
9
7
小
单
2018-05-11 13:05:008872759,6,015
10
2
8
20
30
12
5
14
1
9
23
11
27
1
7
6
6
2
8
12
0
2
30
7
18
4
5
9
10
8
大
单
2018-05-11 13:05:008872743,2,712
11
3
9
3
31
13
6
15
2
1
24
12
2
2
8
7
1
3
9
13
1
3
31
8
19
5
6
7
11
9
小
双
2018-05-11 13:05:008872735,1,511
12
4
10
1
32
5
7
16
3
2
25
1
1
3
9
8
2
4
10
14
2
4
32
9
20
5
7
1
12
10
小
单
2018-05-11 13:05:008872720,2,35
0
5
11
2
33
1
8
17
4
3
26
1
2
4
10
9
3
5
11
15
3
5
33
3
21
1
8
2
13
11
小
单
2018-05-11 13:05:008872716,5,415
1
6
12
3
34
2
6
18
5
4
27
2
1
5
11
5
4
6
12
16
4
6
34
1
4
2
9
3
14
12
大
单
2018-05-11 13:05:008872701,9,111
2
1
13
4
35
3
1
19
6
5
28
3
2
6
12
1
5
7
13
9
5
1
35
2
1
3
10
4
15
13
小
单
2018-05-11 13:05:008872692,1,69
3
1
2
5
36
4
2
20
7
6
29
1
3
7
13
2
6
8
14
1
6
1
36
3
2
4
6
5
16
14
小
单
2018-05-11 13:05:008872684,8,315
4
2
1
6
4
5
3
21
8
7
30
1
4
8
14
3
7
9
8
2
7
2
37
3
3
5
1
6
17
15
大
单
2018-05-11 13:05:008872670,4,48
0
3
2
7
1
6
4
22
9
8
31
2
5
9
4
4
8
10
1
3
8
3
38
1
4
6
2
7
18
16
小
双
2018-05-11 13:05:008872669,9,422
1
4
3
8
2
7
5
23
10
9
32
3
6
10
1
5
9
11
2
9
9
4
39
2
4
7
3
8
19
17
大
双
2018-05-11 12:05:008872652,5,512
2
5
2
9
3
8
6
24
11
1
33
4
7
11
2
5
10
12
3
1
10
5
40
3
1
5
4
9
20
18
小
双
2018-05-11 12:05:008872642,9,516
3
6
2
10
4
9
7
25
12
2
34
5
8
12
3
1
11
13
4
9
11
6
41
4
2
5
5
10
21
19
大
双
2018-05-11 12:05:008872634,3,815
4
7
1
11
4
10
8
26
13
3
35
6
9
3
4
2
12
14
5
1
12
7
42
5
3
1
6
11
8
20
大
单
2018-05-11 12:05:008872628,1,716
5
8
2
12
1
11
9
27
8
4
36
1
10
1
5
3
13
15
6
2
13
8
43
6
4
2
7
7
1
21
大
双
2018-05-11 12:05:008872617,8,419
6
9
3
13
2
12
10
7
1
5
37
1
11
2
6
4
14
16
8
3
14
9
44
7
4
3
8
1
2
22
大
单
2018-05-11 12:05:008872601,0,89
7
1
4
14
3
13
11
1
2
6
0
2
12
3
7
5
15
17
1
4
15
10
45
8
1
4
9
2
8
23
小
单
2018-05-11 12:05:008872597,9,016
8
1
5
15
4
14
12
7
3
7
1
3
13
4
8
6
16
18
2
9
0
11
46
9
2
5
10
3
1
24
大
双
2018-05-11 12:05:008872585,8,720
9
2
6
16
5
5
13
1
4
8
2
4
14
5
9
7
17
19
8
1
1
12
47
10
3
6
11
7
2
25
大
双
2018-05-11 12:05:008872572,0,35
10
3
2
17
6
1
14
2
5
9
0
5
15
6
10
8
18
20
1
2
2
13
48
3
4
7
12
1
3
26
小
单
2018-05-11 12:05:008872567,5,113
11
4
1
18
7
2
15
7
6
10
1
6
16
7
11
5
19
21
2
3
3
1
49
1
5
8
13
2
4
27
小
单
2018-05-11 12:05:008872557,3,616
12
5
2
19
8
3
16
7
7
11
2
7
17
3
12
1
20
22
3
4
4
1
50
2
6
9
6
3
5
28
大
双
2018-05-11 12:05:008872545,3,816
13
6
3
20
9
5
17
1
8
12
3
8
18
3
13
2
21
23
4
5
5
2
51
3
7
10
1
4
8
29
大
双
2018-05-11 11:05:008872530,8,614
0
7
4
21
10
1
18
2
9
13
4
9
19
1
14
3
22
24
8
6
6
3
52
4
8
11
6
5
1
30
大
双
2018-05-11 11:05:008872523,5,513
1
8
5
3
11
2
19
3
10
14
5
10
20
2
15
5
23
25
1
7
7
4
53
5
9
5
1
6
2
31
小
单
2018-05-11 11:05:008872511,3,610
2
1
6
1
12
3
20
4
11
15
6
11
21
3
16
1
24
26
2
8
8
5
54
6
10
1
6
7
3
32
小
双
2018-05-11 11:05:008872504,1,611
3
1
7
2
4
4
21
5
12
16
7
1
22
1
17
2
25
27
3
9
9
6
55
7
11
2
6
8
4
33
小
单
2018-05-11 11:05:008872492,5,916
4
2
2
3
1
5
22
6
13
17
8
1
23
2
18
5
26
28
4
10
10
7
56
8
12
3
1
9
5
9
大
双
2018-05-11 11:05:008872481,8,312
5
1
1
4
2
6
23
7
14
18
9
2
24
3
19
1
27
29
8
11
11
8
57
3
13
4
2
10
6
1
小
双
2018-05-11 11:05:008872470,6,814
0
1
2
5
3
7
24
8
15
19
10
3
25
4
20
2
6
30
1
12
12
9
58
1
14
5
3
11
8
2
大
双
2018-05-11 11:05:008872465,5,010
1
2
3
6
4
5
25
9
16
20
11
4
26
5
21
5
1
31
2
13
0
10
59
2
15
6
4
12
1
3
小
双
2018-05-11 11:05:008872457,9,521
2
3
4
7
5
1
26
7
17
21
12
5
27
6
22
1
2
32
3
9
1
11
60
3
16
5
5
13
2
4
大
单
2018-05-11 11:05:008872445,8,821
3
4
5
8
6
5
27
1
18
22
13
6
28
7
23
2
3
33
8
1
2
12
61
4
17
1
6
14
8
5
大
单
2018-05-11 11:05:008872432,0,911
4
5
2
9
7
1
28
2
19
23
0
7
29
8
24
3
4
34
1
2
3
13
62
5
18
2
7
15
1
9
小
单
2018-05-11 11:05:008872420,9,312
0
6
1
10
8
2
29
3
20
24
1
8
30
9
25
4
5
35
2
9
4
14
63
3
19
3
8
16
2
1
小
双
2018-05-11 10:05:008872412,3,914
1
7
2
11
9
3
30
4
21
25
2
9
31
3
26
5
6
36
3
1
5
15
64
1
20
4
9
17
3
9
大
双
2018-05-11 10:05:008872409,3,820
2
8
1
12
10
4
31
5
22
9
3
10
32
3
27
6
7
37
4
2
6
16
65
2
21
5
10
18
8
1
大
双
2018-05-11 10:05:008872397,0,512
3
9
2
13
11
5
32
7
23
1
0
11
33
1
28
7
8
38
5
3
7
17
66
3
22
5
11
19
1
2
小
双
2018-05-11 10:05:008872381,3,48
4
1
3
14
12
6
33
1
24
2
1
12
34
3
29
8
9
39
6
4
8
18
67
4
4
1
12
20
2
3
小
双
2018-05-11 10:05:008872374,0,812
5
1
4
15
4
7
34
2
25
3
0
13
35
1
30
9
10
40
7
5
9
19
68
5
1
2
13
21
8
4
小
双
2018-05-11 10:05:008872367,3,919
6
2
5
16
1
8
35
7
26
4
1
14
36
3
31
10
11
41
8
6
10
20
69
6
2
3
14
22
1
9
大
单
2018-05-11 10:05:008872357,2,716
7
3
6
17
2
9
36
7
27
5
2
15
2
1
32
11
12
42
9
7
11
21
70
7
3
4
15
7
2
1
大
双
2018-05-11 10:05:008872344,2,17
8
4
7
18
4
10
37
1
28
6
3
16
2
2
33
12
13
43
10
8
12
1
71
8
4
5
16
1
3
2
小
单
2018-05-11 10:05:008872338,6,014
9
5
8
19
1
11
38
2
8
7
4
17
1
3
34
13
6
44
11
9
0
1
72
9
5
6
17
2
4
3
大
双
2018-05-11 10:05:008872326,8,317
10
6
9
20
2
12
6
3
1
8
5
18
2
4
35
14
1
45
8
10
1
2
73
3
6
7
18
3
5
4
大
单
2018-05-11 10:05:008872314,0,59
11
7
10
21
4
13
1
4
2
9
0
19
3
5
36
15
2
46
1
11
2
3
74
1
7
5
19
4
6
5
小
单
2018-05-11 10:05:008872305,9,620
12
8
11
22
1
5
2
5
3
10
1
20
4
6
37
16
3
47
2
9
3
4
75
2
8
1
6
5
7
6
大
双
2018-05-11 09:05:008872297,5,921
13
9
12
23
2
1
3
7
4
11
2
21
5
7
38
5
4
48
3
1
4
5
76
3
9
2
1
6
8
9
大
单
2018-05-11 09:05:008872281,4,813
14
1
13
24
3
2
4
1
5
12
3
22
6
8
4
1
5
49
4
2
5
6
77
4
10
3
2
7
8
1
小
单
2018-05-11 09:05:008872276,1,916
15
1
14
25
4
3
6
2
6
13
4
1
7
9
1
2
6
50
5
3
6
7
78
5
11
4
3
8
1
9
大
双
2018-05-11 09:05:008872264,3,07
16
2
15
26
4
4
1
3
7
14
5
1
8
3
2
3
7
51
6
4
0
8
79
6
12
5
4
9
2
1
小
单
2018-05-11 09:05:008872257,5,719
17
3
16
27
1
5
2
7
8
15
6
2
9
1
3
5
8
52
7
5
1
9
80
7
13
6
5
7
3
2
大
单
2018-05-11 09:05:008872241,6,714
18
1
17
28
2
6
3
1
9
16
7
3
10
2
4
1
6
53
8
6
2
10
81
8
14
7
6
7
4
3
大
双
2018-05-11 09:05:008872234,6,717
19
1
18
29
4
7
4
2
10
17
8
4
11
3
5
2
6
54
9
7
3
11
82
9
15
8
7
7
5
4
大
单
2018-05-11 09:05:008872225,8,114
20
2
19
30
1
5
5
3
11
18
9
5
12
4
6
3
1
55
8
8
4
1
83
10
16
9
8
1
6
5
大
双
2018-05-11 09:05:008872216,4,414
21
3
20
31
2
1
6
4
12
19
10
6
13
5
4
4
2
56
1
9
5
1
84
11
4
10
9
2
7
6
大
双
2018-05-11 09:05:008872206,6,820
22
4
21
32
3
2
6
5
13
20
11
7
14
6
1
5
6
57
2
10
6
2
85
12
1
11
10
3
8
7
大
双
2018-05-11 09:05:008872198,4,719
23
5
22
33
4
3
1
6
8
21
12
8
15
7
4
6
1
58
3
11
7
3
86
13
2
12
11
7
1
8
大
单
遗漏统计
开奖日期期号奖号和值
百位十位个位
0
1
2
3
4
5
6
7
8
9
0
1
2
3
4
5
6
7
8
9
0
1
2
3
4
5
6
7
8
9
和值类型
大
小
单
双
出现总次数
15
19
21
17
19
21
23
22
11
11
21
11
16
23
21
22
17
14
14
20
19
20
11
15
15
23
26
17
16
17
88
91
92
87
平均遗漏值
9
8
6
7
8
7
6
6
15
13
6
14
9
6
7
6
9
7
11
7
8
7
7
10
10
6
5
9
10
9
1
9
1
2
最大遗漏值
40
23
39
21
36
46
38
27
28
36
37
54
36
26
38
36
45
27
34
35
18
21
16
34
22
22
19
27
28
33
6
79
6
6
最大连出值
2
1
2
2
2
3
2
2
1
2
1
1
2
2
2
2
2
2
1
1
2
2
2
2
2
2
2
3
1
2
7
6
6
6
参数说明
遗漏数据： 自上期开出到本期间隔的期数。
遗漏分层： 将当前遗漏用浅蓝色柱状阴影标注。
出现总次数： 统计期数内实际出现的次数。
平均遗漏值： 统计期数内遗漏的平均值。平均遗漏=每次遗漏期数之和/出现次数。
最大遗漏值： 统计期数内遗漏的最大值。
最大连出值： 统计期数内连续开出的最大值。