蛋蛋基本走势K线图历史开奖数据
遗漏数据遗漏分层折线
查询：
近30期
近50期
近100期
近150期
近200期
前天
昨天
今天
开奖日期期号奖号和值
百位十位个位
0
1
2
3
4
5
6
7
8
9
0
1
2
3
4
5
6
7
8
9
0
1
2
3
4
5
6
7
8
9
和值类型
大
小
单
双
2018-05-15 23:05:008881135,1,915
1
1
1
1
1
5
1
1
1
1
1
1
1
1
1
1
1
1
1
1
1
1
1
1
1
1
1
1
1
9
大
单
2018-05-15 23:05:008881126,7,417
2
2
2
2
2
1
6
2
2
2
2
1
2
2
2
2
2
7
2
2
2
2
2
2
4
2
2
2
2
1
大
单
2018-05-15 23:05:008881113,9,113
3
3
3
3
3
2
1
3
3
3
3
2
3
3
3
3
3
1
3
9
3
1
3
3
1
3
3
3
3
2
小
单
2018-05-15 23:05:008881108,0,08
4
4
4
1
4
3
2
4
8
4
0
3
4
4
4
4
4
2
4
1
0
1
4
4
2
4
4
4
4
3
小
双
2018-05-15 23:05:008881092,8,212
5
5
2
2
5
4
3
5
1
5
1
4
5
5
5
5
5
3
8
2
1
2
2
5
3
5
5
5
5
4
小
双
2018-05-15 23:05:008881083,1,711
6
6
1
3
6
5
4
6
2
6
2
1
6
6
6
6
6
4
1
3
2
3
1
6
4
6
6
7
6
5
小
单
2018-05-15 23:05:008881071,1,24
7
1
2
1
7
6
5
7
3
7
3
1
7
7
7
7
7
5
2
4
3
4
2
7
5
7
7
1
7
6
小
双
2018-05-15 23:05:008881069,1,717
8
1
3
2
8
7
6
8
4
9
4
1
8
8
8
8
8
6
3
5
4
5
1
8
6
8
8
7
8
7
大
单
2018-05-15 23:05:008881054,6,717
9
2
4
3
4
8
7
9
5
1
5
1
9
9
9
9
6
7
4
6
5
6
2
9
7
9
9
7
9
8
大
单
2018-05-15 23:05:008881046,4,919
10
3
5
4
1
9
6
10
6
2
6
2
10
10
4
10
1
8
5
7
6
7
3
10
8
10
10
1
10
9
大
单
2018-05-15 23:05:008881032,1,58
11
4
2
5
2
10
1
11
7
3
7
1
11
11
1
11
2
9
6
8
7
8
4
11
9
5
11
2
11
1
小
双
2018-05-15 23:05:008881025,1,17
12
5
1
6
3
5
2
12
8
4
8
1
12
12
2
12
3
10
7
9
8
1
5
12
10
1
12
3
12
2
小
单
2018-05-15 22:05:008881019,5,216
13
6
2
7
4
1
3
13
9
9
9
1
13
13
3
5
4
11
8
10
9
1
2
13
11
2
13
4
13
3
大
双
2018-05-15 22:05:008881009,9,119
14
7
3
8
5
2
4
14
10
9
10
2
14
14
4
1
5
12
9
9
10
1
1
14
12
3
14
5
14
4
大
单
2018-05-15 22:05:008880994,1,813
15
8
4
9
4
3
5
15
11
1
11
1
15
15
5
2
6
13
10
1
11
1
2
15
13
4
15
6
8
5
小
单
2018-05-15 22:05:008880983,7,313
16
9
5
3
1
4
6
16
12
2
12
1
16
16
6
3
7
7
11
2
12
2
3
3
14
5
16
7
1
6
小
单
2018-05-15 22:05:008880978,7,823
17
10
6
1
2
5
7
17
8
3
13
2
17
17
7
4
8
7
12
3
13
3
4
1
15
6
17
8
8
7
大
单
2018-05-15 22:05:008880966,5,718
18
11
7
2
3
6
6
18
1
4
14
3
18
18
8
5
9
1
13
4
14
4
5
2
16
7
18
7
1
8
大
双
2018-05-15 22:05:008880956,0,17
19
12
8
3
4
7
6
19
2
5
0
4
19
19
9
1
10
2
14
5
15
1
6
3
17
8
19
1
2
9
小
单
2018-05-15 22:05:008880947,8,015
20
13
9
4
5
8
1
7
3
6
1
5
20
20
10
2
11
3
8
6
0
1
7
4
18
9
20
2
3
10
大
单
2018-05-15 22:05:008880939,1,010
21
14
10
5
6
9
2
1
4
9
2
1
21
21
11
3
12
4
1
7
0
2
8
5
19
10
21
3
4
11
小
双
2018-05-15 22:05:008880929,0,615
22
15
11
6
7
10
3
2
5
9
0
1
22
22
12
4
13
5
2
8
1
3
9
6
20
11
6
4
5
12
大
单
2018-05-15 22:05:008880914,2,410
23
16
12
7
4
11
4
3
6
1
1
2
2
23
13
5
14
6
3
9
2
4
10
7
4
12
1
5
6
13
小
双
2018-05-15 22:05:008880906,4,515
24
17
13
8
1
12
6
4
7
2
2
3
1
24
4
6
15
7
4
10
3
5
11
8
1
5
2
6
7
14
大
单
2018-05-15 21:05:008880893,2,510
25
18
14
3
2
13
1
5
8
3
3
4
2
25
1
7
16
8
5
11
4
6
12
9
2
5
3
7
8
15
小
双
2018-05-15 21:05:008880884,0,48
26
19
15
1
4
14
2
6
9
4
0
5
1
26
2
8
17
9
6
12
5
7
13
10
4
1
4
8
9
16
小
双
2018-05-15 21:05:008880871,6,29
27
1
16
2
1
15
3
7
10
5
1
6
2
27
3
9
6
10
7
13
6
8
2
11
1
2
5
9
10
17
小
单
2018-05-15 21:05:008880864,7,718
28
1
17
3
4
16
4
8
11
6
2
7
3
28
4
10
1
7
8
14
7
9
1
12
2
3
6
7
11
18
大
双
2018-05-15 21:05:008880858,8,016
29
2
18
4
1
17
5
9
8
7
3
8
4
29
5
11
2
1
8
15
0
10
2
13
3
4
7
1
12
19
大
双
2018-05-15 21:05:008880840,0,77
0
3
19
5
2
18
6
10
1
8
0
9
5
30
6
12
3
2
1
16
1
11
3
14
4
5
8
7
13
20
小
单
2018-05-15 21:05:008880837,5,315
1
4
20
6
3
19
7
7
2
9
1
10
6
31
7
5
4
3
2
17
2
12
4
3
5
6
9
1
14
21
大
单
2018-05-15 21:05:008880821,9,818
2
1
21
7
4
20
8
1
3
10
2
11
7
32
8
1
5
4
3
9
3
13
5
1
6
7
10
2
8
22
大
双
2018-05-15 21:05:008880817,3,717
3
1
22
8
5
21
9
7
4
11
3
12
8
3
9
2
6
5
4
1
4
14
6
2
7
8
11
7
1
23
大
单
2018-05-15 21:05:008880800,3,03
0
2
23
9
6
22
10
1
5
12
4
13
9
3
10
3
7
6
5
2
0
15
7
3
8
9
12
1
2
24
小
单
2018-05-15 21:05:008880794,9,417
1
3
24
10
4
23
11
2
6
13
5
14
10
1
11
4
8
7
6
9
1
16
8
4
4
10
13
2
3
25
大
单
2018-05-15 21:05:008880782,7,312
2
4
2
11
1
24
12
3
7
14
6
15
11
2
12
5
9
7
7
1
2
17
9
3
1
11
14
3
4
26
小
双
2018-05-15 20:05:008880779,6,419
3
5
1
12
2
25
13
4
8
9
7
16
12
3
13
6
6
1
8
2
3
18
10
1
4
12
15
4
5
27
大
单
2018-05-15 20:05:008880761,4,611
4
1
2
13
3
26
14
5
9
1
8
17
13
4
4
7
1
2
9
3
4
19
11
2
1
13
6
5
6
28
小
单
2018-05-15 20:05:008880756,1,411
5
1
3
14
4
27
6
6
10
2
9
1
14
5
1
8
2
3
10
4
5
20
12
3
4
14
1
6
7
29
小
单
2018-05-15 20:05:008880748,7,621
6
2
4
15
5
28
1
7
8
3
10
1
15
6
2
9
3
7
11
5
6
21
13
4
1
15
6
7
8
30
大
单
2018-05-15 20:05:008880734,5,918
7
3
5
16
4
29
2
8
1
4
11
2
16
7
3
5
4
1
12
6
7
22
14
5
2
16
1
8
9
9
大
双
2018-05-15 20:05:008880729,5,014
8
4
6
17
1
30
3
9
2
9
12
3
17
8
4
5
5
2
13
7
0
23
15
6
3
17
2
9
10
1
大
双
2018-05-15 20:05:008880718,5,215
9
5
7
18
2
31
4
10
8
1
13
4
18
9
5
5
6
3
14
8
1
24
2
7
4
18
3
10
11
2
大
单
2018-05-15 20:05:008880705,4,413
10
6
8
19
3
5
5
11
1
2
14
5
19
10
4
1
7
4
15
9
2
25
1
8
4
19
4
11
12
3
小
单
2018-05-15 20:05:008880697,6,619
11
7
9
20
4
1
6
7
2
3
15
6
20
11
1
2
6
5
16
10
3
26
2
9
1
20
6
12
13
4
大
单
2018-05-15 20:05:008880689,5,620
12
8
10
21
5
2
7
1
3
9
16
7
21
12
2
5
1
6
17
11
4
27
3
10
2
21
6
13
14
5
大
双
2018-05-15 20:05:008880675,3,513
13
9
11
22
6
5
8
2
4
1
17
8
22
3
3
1
2
7
18
12
5
28
4
11
3
5
1
14
15
6
小
单
2018-05-15 20:05:008880665,8,316
14
10
12
23
7
5
9
3
5
2
18
9
23
1
4
2
3
8
8
13
6
29
5
3
4
1
2
15
16
7
大
双
2018-05-15 19:05:008880654,6,515
15
11
13
24
4
1
10
4
6
3
19
10
24
2
5
3
6
9
1
14
7
30
6
1
5
5
3
16
17
8
大
单
2018-05-15 19:05:008880642,1,912
16
12
2
25
1
2
11
5
7
4
20
1
25
3
6
4
1
10
2
15
8
31
7
2
6
1
4
17
18
9
小
双
2018-05-15 19:05:008880635,2,714
17
13
1
26
2
5
12
6
8
5
21
1
2
4
7
5
2
11
3
16
9
32
8
3
7
2
5
7
19
1
大
双
2018-05-15 19:05:008880626,5,920
18
14
2
27
3
1
6
7
9
6
22
2
1
5
8
5
3
12
4
17
10
33
9
4
8
3
6
1
20
9
大
双
2018-05-15 19:05:008880613,9,719
19
15
3
3
4
2
1
8
10
7
23
3
2
6
9
1
4
13
5
9
11
34
10
5
9
4
7
7
21
1
大
单
2018-05-15 19:05:008880606,0,511
20
16
4
1
5
3
6
9
11
8
0
4
3
7
10
2
5
14
6
1
12
35
11
6
10
5
8
1
22
2
小
单
2018-05-15 19:05:008880597,6,013
21
17
5
2
6
4
1
7
12
9
1
5
4
8
11
3
6
15
7
2
0
36
12
7
11
1
9
2
23
3
小
单
2018-05-15 19:05:008880588,3,617
22
18
6
3
7
5
2
1
8
10
2
6
5
3
12
4
1
16
8
3
1
37
13
8
12
2
6
3
24
4
大
单
2018-05-15 19:05:008880576,1,18
23
19
7
4
8
6
6
2
1
11
3
1
6
1
13
5
2
17
9
4
2
1
14
9
13
3
1
4
25
5
小
双
2018-05-15 19:05:008880562,4,612
24
20
2
5
9
7
1
3
2
12
4
1
7
2
4
6
3
18
10
5
3
1
15
10
14
4
6
5
26
6
小
双
2018-05-15 19:05:008880555,5,010
25
21
1
6
10
5
2
4
3
13
5
2
8
3
1
5
4
19
11
6
0
2
16
11
15
5
1
6
27
7
小
双
2018-05-15 19:05:008880549,8,017
26
22
2
7
11
1
3
5
4
9
6
3
9
4
2
1
5
20
8
7
0
3
17
12
16
6
2
7
28
8
大
单
2018-05-15 18:05:008880535,0,510
27
23
3
8
12
5
4
6
5
1
0
4
10
5
3
2
6
21
1
8
1
4
18
13
17
5
3
8
29
9
小
双
2018-05-15 18:05:008880520,2,35
0
24
4
9
13
1
5
7
6
2
1
5
2
6
4
3
7
22
2
9
2
5
19
3
18
1
4
9
30
10
小
单
2018-05-15 18:05:008880516,5,920
1
25
5
10
14
2
6
8
7
3
2
6
1
7
5
5
8
23
3
10
3
6
20
1
19
2
5
10
31
9
大
双
2018-05-15 18:05:008880504,4,412
2
26
6
11
4
3
1
9
8
4
3
7
2
8
4
1
9
24
4
11
4
7
21
2
4
3
6
11
32
1
小
双
2018-05-15 18:05:008880490,0,66
0
27
7
12
1
4
2
10
9
5
0
8
3
9
1
2
10
25
5
12
5
8
22
3
1
4
6
12
33
2
小
双
2018-05-15 18:05:008880484,3,18
1
28
8
13
4
5
3
11
10
6
1
9
4
3
2
3
11
26
6
13
6
1
23
4
2
5
1
13
34
3
小
双
2018-05-15 18:05:008880470,6,06
0
29
9
14
1
6
4
12
11
7
2
10
5
1
3
4
6
27
7
14
0
1
24
5
3
6
2
14
35
4
小
双
2018-05-15 18:05:008880460,6,06
0
30
10
15
2
7
5
13
12
8
3
11
6
2
4
5
6
28
8
15
0
2
25
6
4
7
3
15
36
5
小
双
2018-05-15 18:05:008880457,3,818
1
31
11
16
3
8
6
7
13
9
4
12
7
3
5
6
1
29
9
16
1
3
26
7
5
8
4
16
8
6
大
双
2018-05-15 18:05:008880446,5,920
2
32
12
17
4
9
6
1
14
10
5
13
8
1
6
5
2
30
10
17
2
4
27
8
6
9
5
17
1
9
大
双
2018-05-15 18:05:008880436,8,317
3
33
13
18
5
10
6
2
15
11
6
14
9
2
7
1
3
31
8
18
3
5
28
3
7
10
6
18
2
1
大
单
2018-05-15 18:05:008880423,7,313
4
34
14
3
6
11
1
3
16
12
7
15
10
3
8
2
4
7
1
19
4
6
29
3
8
11
7
19
3
2
小
单
2018-05-15 17:05:008880410,2,57
0
35
15
1
7
12
2
4
17
13
8
16
2
4
9
3
5
1
2
20
5
7
30
1
9
5
8
20
4
3
小
单
2018-05-15 17:05:008880405,1,06
1
36
16
2
8
5
3
5
18
14
9
1
1
5
10
4
6
2
3
21
0
8
31
2
10
1
9
21
5
4
小
双
2018-05-15 17:05:008880398,5,821
2
37
17
3
9
1
4
6
8
15
10
1
2
6
11
5
7
3
4
22
1
9
32
3
11
2
10
22
8
5
大
单
2018-05-15 17:05:008880382,4,410
3
38
2
4
10
2
5
7
1
16
11
2
3
7
4
1
8
4
5
23
2
10
33
4
4
3
11
23
1
6
小
双
2018-05-15 17:05:008880374,4,412
4
39
1
5
4
3
6
8
2
17
12
3
4
8
4
2
9
5
6
24
3
11
34
5
4
4
12
24
2
7
小
双
2018-05-15 17:05:008880367,7,317
5
40
2
6
1
4
7
7
3
18
13
4
5
9
1
3
10
7
7
25
4
12
35
3
1
5
13
25
3
8
大
单
2018-05-15 17:05:008880353,2,813
6
41
3
3
2
5
8
1
4
19
14
5
2
10
2
4
11
1
8
26
5
13
36
1
2
6
14
26
8
9
小
单
2018-05-15 17:05:008880347,2,110
7
42
4
1
3
6
9
7
5
20
15
6
2
11
3
5
12
2
9
27
6
1
37
2
3
7
15
27
1
10
小
双
2018-05-15 17:05:008880339,9,321
8
43
5
2
4
7
10
1
6
9
16
7
1
12
4
6
13
3
10
9
7
1
38
3
4
8
16
28
2
11
大
单
2018-05-15 17:05:008880328,4,315
9
44
6
3
5
8
11
2
8
1
17
8
2
13
4
7
14
4
11
1
8
2
39
3
5
9
17
29
3
12
大
单
2018-05-15 17:05:008880316,3,110
10
45
7
4
6
9
6
3
1
2
18
9
3
3
1
8
15
5
12
2
9
1
40
1
6
10
18
30
4
13
小
双
2018-05-15 17:05:008880303,9,012
11
46
8
3
7
10
1
4
2
3
19
10
4
1
2
9
16
6
13
9
0
1
41
2
7
11
19
31
5
14
小
双
2018-05-15 16:05:008880292,0,79
12
47
2
1
8
11
2
5
3
4
0
11
5
2
3
10
17
7
14
1
1
2
42
3
8
12
20
7
6
15
小
单
2018-05-15 16:05:008880286,3,817
13
48
1
2
9
12
6
6
4
5
1
12
6
3
4
11
18
8
15
2
2
3
43
4
9
13
21
1
8
16
大
单
2018-05-15 16:05:008880272,2,812
14
49
2
3
10
13
1
7
5
6
2
13
2
1
5
12
19
9
16
3
3
4
44
5
10
14
22
2
8
17
小
双
2018-05-15 16:05:008880263,0,912
15
50
1
3
11
14
2
8
6
7
0
14
1
2
6
13
20
10
17
4
4
5
45
6
11
15
23
3
1
9
小
双
2018-05-15 16:05:008880257,2,413
16
51
2
1
12
15
3
7
7
8
1
15
2
3
7
14
21
11
18
5
5
6
46
7
4
16
24
4
2
1
小
单
2018-05-15 16:05:008880243,5,19
17
52
3
3
13
16
4
1
8
9
2
16
1
4
8
5
22
12
19
6
6
1
47
8
1
17
25
5
3
2
小
单
2018-05-15 16:05:008880231,0,23
18
1
4
1
14
17
5
2
9
10
0
17
2
5
9
1
23
13
20
7
7
1
2
9
2
18
26
6
4
3
小
单
2018-05-15 16:05:008880224,1,27
19
1
5
2
4
18
6
3
10
11
1
1
3
6
10
2
24
14
21
8
8
2
2
10
3
19
27
7
5
4
小
单
2018-05-15 16:05:008880210,1,89
0
2
6
3
1
19
7
4
11
12
2
1
4
7
11
3
25
15
22
9
9
3
1
11
4
20
28
8
8
5
小
单
2018-05-15 16:05:008880207,8,015
1
3
7
4
2
20
8
7
12
13
3
1
5
8
12
4
26
16
8
10
0
4
2
12
5
21
29
9
1
6
大
单
2018-05-15 16:05:008880199,5,418
2
4
8
5
3
21
9
1
13
9
4
2
6
9
13
5
27
17
1
11
1
5
3
13
4
22
30
10
2
7
大
双
2018-05-15 16:05:008880180,5,712
0
5
9
6
4
22
10
2
14
1
5
3
7
10
14
5
28
18
2
12
2
6
4
14
1
23
31
7
3
8
小
双
2018-05-15 15:05:008880175,3,513
1
6
10
7
5
5
11
3
15
2
6
4
8
3
15
1
29
19
3
13
3
7
5
15
2
5
32
1
4
9
小
单
2018-05-15 15:05:008880167,2,817
2
7
11
8
6
1
12
7
16
3
7
5
2
1
16
2
30
20
4
14
4
8
6
16
3
1
33
2
8
10
大
单
2018-05-15 15:05:008880155,5,818
3
8
12
9
7
5
13
1
17
4
8
6
1
2
17
5
31
21
5
15
5
9
7
17
4
2
34
3
8
11
大
双
2018-05-15 15:05:008880147,8,924
4
9
13
10
8
1
14
7
18
5
9
7
2
3
18
1
32
22
8
16
6
10
8
18
5
3
35
4
1
9
大
双
2018-05-15 15:05:008880131,4,611
5
1
14
11
9
2
15
1
19
6
10
8
3
4
4
2
33
23
1
17
7
11
9
19
6
4
6
5
2
1
小
单
2018-05-15 15:05:008880120,7,18
0
1
15
12
10
3
16
2
20
7
11
9
4
5
1
3
34
7
2
18
8
1
10
20
7
5
1
6
3
2
小
双
2018-05-15 15:05:008880118,4,416
1
2
16
13
11
4
17
3
8
8
12
10
5
6
4
4
35
1
3
19
9
1
11
21
4
6
2
7
4
3
大
双
2018-05-15 15:05:008880106,1,714
2
3
17
14
12
5
6
4
1
9
13
1
6
7
1
5
36
2
4
20
10
2
12
22
1
7
3
7
5
4
大
双
2018-05-15 15:05:008880097,4,920
3
4
18
15
13
6
1
7
2
10
14
1
7
8
4
6
37
3
5
21
11
3
13
23
2
8
4
1
6
9
大
双
2018-05-15 15:05:008880085,6,213
4
5
19
16
14
5
2
1
3
11
15
2
8
9
1
7
6
4
6
22
12
4
2
24
3
9
5
2
7
1
小
单
2018-05-15 15:05:008880079,8,724
5
6
20
17
15
1
3
2
4
9
16
3
9
10
2
8
1
5
8
23
13
5
1
25
4
10
6
7
8
2
大
双
2018-05-15 15:05:008880067,5,113
6
7
21
18
16
2
4
7
5
1
17
4
10
11
3
5
2
6
1
24
14
1
2
26
5
11
7
1
9
3
小
单
2018-05-15 14:05:008880056,1,714
7
8
22
19
17
3
6
1
6
2
18
1
11
12
4
1
3
7
2
25
15
1
3
27
6
12
8
7
10
4
大
双
2018-05-15 14:05:008880047,7,620
8
9
23
20
18
4
1
7
7
3
19
1
12
13
5
2
4
7
3
26
16
2
4
28
7
13
6
1
11
5
大
双
2018-05-15 14:05:008880036,5,617
9
10
24
21
19
5
6
1
8
4
20
2
13
14
6
5
5
1
4
27
17
3
5
29
8
14
6
2
12
6
大
单
2018-05-15 14:05:008880020,8,210
0
11
25
22
20
6
1
2
9
5
21
3
14
15
7
1
6
2
8
28
18
4
2
30
9
15
1
3
13
7
小
双
2018-05-15 14:05:008880017,7,620
1
12
26
23
21
7
2
7
10
6
22
4
15
16
8
2
7
7
1
29
19
5
1
31
10
16
6
4
14
8
大
双
2018-05-15 14:05:008880004,5,211
2
13
27
24
4
8
3
1
11
7
23
5
16
17
9
5
8
1
2
30
20
6
2
32
11
17
1
5
15
9
小
单
2018-05-15 14:05:008879994,2,28
3
14
28
25
4
9
4
2
12
8
24
6
2
18
10
1
9
2
3
31
21
7
2
33
12
18
2
6
16
10
小
双
2018-05-15 14:05:008879982,0,57
4
15
2
26
1
10
5
3
13
9
0
7
1
19
11
2
10
3
4
32
22
8
1
34
13
5
3
7
17
11
小
单
2018-05-15 14:05:008879972,4,410
5
16
2
27
2
11
6
4
14
10
1
8
2
20
4
3
11
4
5
33
23
9
2
35
4
1
4
8
18
12
小
双
2018-05-15 14:05:008879960,6,713
0
17
1
28
3
12
7
5
15
11
2
9
3
21
1
4
6
5
6
34
24
10
3
36
1
2
5
7
19
13
小
单
2018-05-15 14:05:008879955,7,214
1
18
2
29
4
5
8
6
16
12
3
10
4
22
2
5
1
7
7
35
25
11
2
37
2
3
6
1
20
14
大
双
2018-05-15 14:05:008879947,4,415
2
19
3
30
5
1
9
7
17
13
4
11
5
23
4
6
2
1
8
36
26
12
1
38
4
4
7
2
21
15
大
单
2018-05-15 13:05:008879939,8,421
3
20
4
31
6
2
10
1
18
9
5
12
6
24
1
7
3
2
8
37
27
13
2
39
4
5
8
3
22
16
大
单
2018-05-15 13:05:008879923,9,820
4
21
5
3
7
3
11
2
19
1
6
13
7
25
2
8
4
3
1
9
28
14
3
40
1
6
9
4
8
17
大
双
2018-05-15 13:05:008879918,0,614
5
22
6
1
8
4
12
3
8
2
0
14
8
26
3
9
5
4
2
1
29
15
4
41
2
7
6
5
1
18
大
双
2018-05-15 13:05:008879904,7,920
6
23
7
2
4
5
13
4
1
3
1
15
9
27
4
10
6
7
3
2
30
16
5
42
3
8
1
6
2
9
大
双
2018-05-15 13:05:008879898,6,822
7
24
8
3
1
6
14
5
8
4
2
16
10
28
5
11
6
1
4
3
31
17
6
43
4
9
2
7
8
1
大
双
2018-05-15 13:05:008879885,3,210
8
25
9
4
2
5
15
6
1
5
3
17
11
3
6
12
1
2
5
4
32
18
2
44
5
10
3
8
1
2
小
双
2018-05-15 13:05:008879877,0,411
9
26
10
5
3
1
16
7
2
6
0
18
12
1
7
13
2
3
6
5
33
19
1
45
4
11
4
9
2
3
小
单
2018-05-15 13:05:008879866,7,518
10
27
11
6
4
2
6
1
3
7
1
19
13
2
8
14
3
7
7
6
34
20
2
46
1
5
5
10
3
4
大
双
2018-05-15 13:05:008879854,4,210
11
28
12
7
4
3
1
2
4
8
2
20
14
3
4
15
4
1
8
7
35
21
2
47
2
1
6
11
4
5
小
双
2018-05-15 13:05:008879848,3,718
12
29
13
8
1
4
2
3
8
9
3
21
15
3
1
16
5
2
9
8
36
22
1
48
3
2
7
7
5
6
大
双
2018-05-15 13:05:008879834,2,713
13
30
14
9
4
5
3
4
1
10
4
22
2
1
2
17
6
3
10
9
37
23
2
49
4
3
8
7
6
7
小
单
2018-05-15 13:05:008879826,2,917
14
31
15
10
1
6
6
5
2
11
5
23
2
2
3
18
7
4
11
10
38
24
3
50
5
4
9
1
7
9
大
单
2018-05-15 12:05:008879813,9,820
15
32
16
3
2
7
1
6
3
12
6
24
1
3
4
19
8
5
12
9
39
25
4
51
6
5
10
2
8
1
大
双
2018-05-15 12:05:008879803,2,914
16
33
17
3
3
8
2
7
4
13
7
25
2
4
5
20
9
6
13
1
40
26
5
52
7
6
11
3
1
9
大
双
2018-05-15 12:05:008879790,3,811
0
34
18
1
4
9
3
8
5
14
8
26
1
3
6
21
10
7
14
2
41
27
6
53
8
7
12
4
8
1
小
单
2018-05-15 12:05:008879782,4,39
1
35
2
2
5
10
4
9
6
15
9
27
2
1
4
22
11
8
15
3
42
28
7
3
9
8
13
5
1
2
小
单
2018-05-15 12:05:008879776,7,821
2
36
1
3
6
11
6
10
7
16
10
28
3
2
1
23
12
7
16
4
43
29
8
1
10
9
14
6
8
3
大
单
2018-05-15 12:05:008879762,8,414
3
37
2
4
7
12
1
11
8
17
11
29
4
3
2
24
13
1
8
5
44
30
9
2
4
10
15
7
1
4
大
双
2018-05-15 12:05:008879753,4,714
4
38
1
3
8
13
2
12
9
18
12
30
5
4
4
25
14
2
1
6
45
31
10
3
1
11
16
7
2
5
大
双
2018-05-15 12:05:008879746,5,415
5
39
2
1
9
14
6
13
10
19
13
31
6
5
1
5
15
3
2
7
46
32
11
4
4
12
17
1
3
6
大
单
2018-05-15 12:05:008879733,9,315
6
40
3
3
10
15
1
14
11
20
14
32
7
6
2
1
16
4
3
9
47
33
12
3
1
13
18
2
4
7
大
单
2018-05-15 12:05:008879726,3,514
7
41
4
1
11
16
6
15
12
21
15
33
8
3
3
2
17
5
4
1
48
34
13
1
2
5
19
3
5
8
大
双
2018-05-15 12:05:008879712,9,112
8
42
2
2
12
17
1
16
13
22
16
34
9
1
4
3
18
6
5
9
49
1
14
2
3
1
20
4
6
9
小
双
2018-05-15 12:05:008879701,3,913
9
1
1
3
13
18
2
17
14
23
17
35
10
3
5
4
19
7
6
1
50
1
15
3
4
2
21
5
7
9
小
单
2018-05-15 11:05:008879696,7,518
10
1
2
4
14
19
6
18
15
24
18
36
11
1
6
5
20
7
7
2
51
2
16
4
5
5
22
6
8
1
大
双
2018-05-15 11:05:008879687,1,311
11
2
3
5
15
20
1
7
16
25
19
1
12
2
7
6
21
1
8
3
52
3
17
3
6
1
23
7
9
2
小
单
2018-05-15 11:05:008879673,0,03
12
3
4
3
16
21
2
1
17
26
0
1
13
3
8
7
22
2
9
4
0
4
18
1
7
2
24
8
10
3
小
单
2018-05-15 11:05:008879666,9,318
13
4
5
1
17
22
6
2
18
27
1
2
14
4
9
8
23
3
10
9
1
5
19
3
8
3
25
9
11
4
大
双
2018-05-15 11:05:008879658,8,218
14
5
6
2
18
23
1
3
8
28
2
3
15
5
10
9
24
4
8
1
2
6
2
1
9
4
26
10
12
5
大
双
2018-05-15 11:05:008879641,9,919
15
1
7
3
19
24
2
4
1
29
3
4
16
6
11
10
25
5
1
9
3
7
1
2
10
5
27
11
13
9
大
单
2018-05-15 11:05:008879633,6,514
16
1
8
3
20
25
3
5
2
30
4
5
17
7
12
11
6
6
2
1
4
8
2
3
11
5
28
12
14
1
大
双
2018-05-15 11:05:008879629,2,415
17
2
9
1
21
26
4
6
3
9
5
6
2
8
13
12
1
7
3
2
5
9
3
4
4
1
29
13
15
2
大
单
2018-05-15 11:05:008879614,3,411
18
3
10
2
4
27
5
7
4
1
6
7
1
3
14
13
2
8
4
3
6
10
4
5
4
2
30
14
16
3
小
单
2018-05-15 11:05:008879602,6,19
19
4
2
3
1
28
6
8
5
2
7
8
2
1
15
14
6
9
5
4
7
1
5
6
1
3
31
15
17
4
小
单
2018-05-15 11:05:008879598,6,216
20
5
1
4
2
29
7
9
8
3
8
9
3
2
16
15
6
10
6
5
8
1
2
7
2
4
32
16
18
5
大
双
2018-05-15 11:05:008879587,3,212
21
6
2
5
3
30
8
7
1
4
9
10
4
3
17
16
1
11
7
6
9
2
2
8
3
5
33
17
19
6
小
双
2018-05-15 10:05:008879570,6,612
0
7
3
6
4
31
9
1
2
5
10
11
5
1
18
17
6
12
8
7
10
3
1
9
4
6
6
18
20
7
小
双
2018-05-15 10:05:008879569,1,414
1
8
4
7
5
32
10
2
3
9
11
1
6
2
19
18
1
13
9
8
11
4
2
10
4
7
1
19
21
8
大
双
2018-05-15 10:05:008879553,3,612
2
9
5
3
6
33
11
3
4
1
12
1
7
3
20
19
2
14
10
9
12
5
3
11
1
8
6
20
22
9
小
双
2018-05-15 10:05:008879546,0,915
3
10
6
1
7
34
6
4
5
2
0
2
8
1
21
20
3
15
11
10
13
6
4
12
2
9
1
21
23
9
大
单
2018-05-15 10:05:008879533,0,811
4
11
7
3
8
35
1
5
6
3
0
3
9
2
22
21
4
16
12
11
14
7
5
13
3
10
2
22
8
1
小
单
2018-05-15 10:05:008879528,0,412
5
12
8
1
9
36
2
6
8
4
0
4
10
3
23
22
5
17
13
12
15
8
6
14
4
11
3
23
1
2
小
双
2018-05-15 10:05:008879515,7,113
6
13
9
2
10
5
3
7
1
5
1
5
11
4
24
23
6
7
14
13
16
1
7
15
1
12
4
24
2
3
小
单
2018-05-15 10:05:008879505,2,613
7
14
10
3
11
5
4
8
2
6
2
6
2
5
25
24
7
1
15
14
17
1
8
16
2
13
6
25
3
4
小
单
2018-05-15 10:05:008879497,6,215
8
15
11
4
12
1
5
7
3
7
3
7
1
6
26
25
6
2
16
15
18
2
2
17
3
14
1
26
4
5
大
单
2018-05-15 10:05:008879488,7,419
9
16
12
5
13
2
6
1
8
8
4
8
2
7
27
26
1
7
17
16
19
3
1
18
4
15
2
27
5
6
大
单
2018-05-15 10:05:008879478,7,722
10
17
13
6
14
3
7
2
8
9
5
9
3
8
28
27
2
7
18
17
20
4
2
19
1
16
3
7
6
7
大
双
2018-05-15 10:05:008879461,6,310
11
1
14
7
15
4
8
3
1
10
6
10
4
9
29
28
6
1
19
18
21
5
3
3
2
17
4
1
7
8
小
双
2018-05-15 09:05:008879450,8,917
0
1
15
8
16
5
9
4
2
11
7
11
5
10
30
29
1
2
8
19
22
6
4
1
3
18
5
2
8
9
大
单
2018-05-15 09:05:008879446,5,617
1
2
16
9
17
6
6
5
3
12
8
12
6
11
31
5
2
3
1
20
23
7
5
2
4
19
6
3
9
1
大
单
2018-05-15 09:05:008879439,0,615
2
3
17
10
18
7
1
6
4
9
0
13
7
12
32
1
3
4
2
21
24
8
6
3
5
20
6
4
10
2
大
单
2018-05-15 09:05:008879424,7,314
3
4
18
11
4
8
2
7
5
1
1
14
8
13
33
2
4
7
3
22
25
9
7
3
6
21
1
5
11
3
大
双
2018-05-15 09:05:008879419,2,314
4
5
19
12
1
9
3
8
6
9
2
15
2
14
34
3
5
1
4
23
26
10
8
3
7
22
2
6
12
4
大
双
2018-05-15 09:05:008879404,5,615
5
6
20
13
4
10
4
9
7
1
3
16
1
15
35
5
6
2
5
24
27
11
9
1
8
23
6
7
13
5
大
单
2018-05-15 09:05:008879393,7,919
6
7
21
3
1
11
5
10
8
2
4
17
2
16
36
1
7
7
6
25
28
12
10
2
9
24
1
8
14
9
大
单
2018-05-15 09:05:008879380,0,66
0
8
22
1
2
12
6
11
9
3
0
18
3
17
37
2
8
1
7
26
29
13
11
3
10
25
6
9
15
1
小
双
2018-05-15 09:05:008879377,9,925
1
9
23
2
3
13
7
7
10
4
1
19
4
18
38
3
9
2
8
9
30
14
12
4
11
26
1
10
16
9
大
单
2018-05-15 09:05:008879365,8,619
2
10
24
3
4
5
8
1
11
5
2
20
5
19
39
4
10
3
8
1
31
15
13
5
12
27
6
11
17
1
大
单
2018-05-15 09:05:008879355,0,49
3
11
25
4
5
5
9
2
12
6
0
21
6
20
40
5
11
4
1
2
32
16
14
6
4
28
1
12
18
2
小
单
遗漏统计
开奖日期期号奖号和值
百位十位个位
0
1
2
3
4
5
6
7
8
9
0
1
2
3
4
5
6
7
8
9
0
1
2
3
4
5
6
7
8
9
和值类型
大
小
单
双
出现总次数
16
9
14
20
20
18
26
22
17
17
21
18
17
17
17
22
17
21
15
14
15
14
18
17
25
14
21
19
17
19
93
86
93
86
平均遗漏值
10
17
10
7
7
8
5
7
8
9
7
7
9
8
7
6
8
7
10
11
8
10
8
9
6
9
7
7
8
8
2
9
1
2
最大遗漏值
29
52
28
31
21
36
17
19
20
30
24
36
25
32
18
29
37
31
22
37
52
37
47
53
20
23
35
31
36
30
7
79
8
6
最大连出值
2
1
2
2
2
2
2
1
2
2
3
3
2
2
2
3
2
2
1
1
2
1
2
2
2
2
2
2
2
1
7
5
6
8
参数说明
遗漏数据： 自上期开出到本期间隔的期数。
遗漏分层： 将当前遗漏用浅蓝色柱状阴影标注。
出现总次数： 统计期数内实际出现的次数。
平均遗漏值： 统计期数内遗漏的平均值。平均遗漏=每次遗漏期数之和/出现次数。
最大遗漏值： 统计期数内遗漏的最大值。
最大连出值： 统计期数内连续开出的最大值。