蛋蛋基本走势K线图历史开奖数据
遗漏数据遗漏分层折线
查询：
近30期
近50期
近100期
近150期
近200期
前天
昨天
今天
开奖日期期号奖号和值
百位十位个位
0
1
2
3
4
5
6
7
8
9
0
1
2
3
4
5
6
7
8
9
0
1
2
3
4
5
6
7
8
9
和值类型
大
小
单
双
2018-05-10 23:05:008872185,8,215
1
1
1
1
1
5
1
1
1
1
1
1
1
1
1
1
1
1
8
1
1
1
2
1
1
1
1
1
1
1
大
单
2018-05-10 23:05:008872179,5,216
2
2
2
2
2
1
2
2
2
9
2
2
2
2
2
5
2
2
1
2
2
2
2
2
2
2
2
2
2
2
大
双
2018-05-10 23:05:008872163,9,315
3
3
3
3
3
2
3
3
3
1
3
3
3
3
3
1
3
3
2
9
3
3
1
3
3
3
3
3
3
3
大
单
2018-05-10 23:05:008872158,0,412
4
4
4
1
4
3
4
4
8
2
0
4
4
4
4
2
4
4
3
1
4
4
2
1
4
4
4
4
4
4
小
双
2018-05-10 23:05:008872147,7,216
5
5
5
2
5
4
5
7
1
3
1
5
5
5
5
3
5
7
4
2
5
5
2
2
1
5
5
5
5
5
大
双
2018-05-10 23:05:008872139,0,716
6
6
6
3
6
5
6
1
2
9
0
6
6
6
6
4
6
1
5
3
6
6
1
3
2
6
6
7
6
6
大
双
2018-05-10 23:05:008872129,7,420
7
7
7
4
7
6
7
2
3
9
1
7
7
7
7
5
7
7
6
4
7
7
2
4
4
7
7
1
7
7
大
双
2018-05-10 23:05:008872112,2,15
8
8
2
5
8
7
8
3
4
1
2
8
2
8
8
6
8
1
7
5
8
1
3
5
1
8
8
2
8
8
小
单
2018-05-10 23:05:008872102,6,08
9
9
2
6
9
8
9
4
5
2
3
9
1
9
9
7
6
2
8
6
0
1
4
6
2
9
9
3
9
9
小
双
2018-05-10 23:05:008872093,4,512
10
10
1
3
10
9
10
5
6
3
4
10
2
10
4
8
1
3
9
7
1
2
5
7
3
5
10
4
10
10
小
双
2018-05-10 23:05:008872088,2,919
11
11
2
1
11
10
11
6
8
4
5
11
2
11
1
9
2
4
10
8
2
3
6
8
4
1
11
5
11
9
大
单
2018-05-10 23:05:008872075,1,713
12
12
3
2
12
5
12
7
1
5
6
1
1
12
2
10
3
5
11
9
3
4
7
9
5
2
12
7
12
1
小
单
2018-05-10 22:05:008872062,0,810
13
13
2
3
13
1
13
8
2
6
0
1
2
13
3
11
4
6
12
10
4
5
8
10
6
3
13
1
8
2
小
双
2018-05-10 22:05:008872050,4,610
0
14
1
4
14
2
14
9
3
7
1
2
3
14
4
12
5
7
13
11
5
6
9
11
7
4
6
2
1
3
小
双
2018-05-10 22:05:008872046,0,410
1
15
2
5
15
3
6
10
4
8
0
3
4
15
1
13
6
8
14
12
6
7
10
12
4
5
1
3
2
4
小
双
2018-05-10 22:05:008872034,9,518
2
16
3
6
4
4
1
11
5
9
1
4
5
16
2
14
7
9
15
9
7
8
11
13
1
5
2
4
3
5
大
双
2018-05-10 22:05:008872022,8,313
3
17
2
7
1
5
2
12
6
10
2
5
6
17
3
15
8
10
8
1
8
9
12
3
2
1
3
5
4
6
小
单
2018-05-10 22:05:008872011,9,111
4
1
1
8
2
6
3
13
7
11
3
6
7
18
4
16
9
11
1
9
9
1
13
1
3
2
4
6
5
7
小
单
2018-05-10 22:05:008872003,2,914
5
1
2
3
3
7
4
14
8
12
4
7
2
19
5
17
10
12
2
1
10
1
14
2
4
3
5
7
6
9
大
双
2018-05-10 22:05:008871994,5,817
6
2
3
1
4
8
5
15
9
13
5
8
1
20
6
5
11
13
3
2
11
2
15
3
5
4
6
8
8
1
大
单
2018-05-10 22:05:008871983,2,611
7
3
4
3
1
9
6
16
10
14
6
9
2
21
7
1
12
14
4
3
12
3
16
4
6
5
6
9
1
2
小
单
2018-05-10 22:05:008871970,1,12
0
4
5
1
2
10
7
17
11
15
7
1
1
22
8
2
13
15
5
4
13
1
17
5
7
6
1
10
2
3
小
双
2018-05-10 22:05:008871960,4,48
0
5
6
2
3
11
8
18
12
16
8
1
2
23
4
3
14
16
6
5
14
1
18
6
4
7
2
11
3
4
小
双
2018-05-10 22:05:008871958,5,316
1
6
7
3
4
12
9
19
8
17
9
2
3
24
1
5
15
17
7
6
15
2
19
3
1
8
3
12
4
5
大
双
2018-05-10 21:05:008871945,6,516
2
7
8
4
5
5
10
20
1
18
10
3
4
25
2
1
6
18
8
7
16
3
20
1
2
5
4
13
5
6
大
双
2018-05-10 21:05:008871931,2,25
3
1
9
5
6
1
11
21
2
19
11
4
2
26
3
2
1
19
9
8
17
4
2
2
3
1
5
14
6
7
小
单
2018-05-10 21:05:008871928,6,216
4
1
10
6
7
2
12
22
8
20
12
5
1
27
4
3
6
20
10
9
18
5
2
3
4
2
6
15
7
8
大
双
2018-05-10 21:05:008871916,6,214
5
2
11
7
8
3
6
23
1
21
13
6
2
28
5
4
6
21
11
10
19
6
2
4
5
3
7
16
8
9
大
双
2018-05-10 21:05:008871908,1,716
6
3
12
8
9
4
1
24
8
22
14
1
3
29
6
5
1
22
12
11
20
7
1
5
6
4
8
7
9
10
大
双
2018-05-10 21:05:008871895,6,415
7
4
13
9
10
5
2
25
1
23
15
1
4
30
7
6
6
23
13
12
21
8
2
6
4
5
9
1
10
11
大
单
2018-05-10 21:05:008871881,4,27
8
1
14
10
11
1
3
26
2
24
16
2
5
31
4
7
1
24
14
13
22
9
2
7
1
6
10
2
11
12
小
单
2018-05-10 21:05:008871879,3,820
9
1
15
11
12
2
4
27
3
9
17
3
6
3
1
8
2
25
15
14
23
10
1
8
2
7
11
3
8
13
大
双
2018-05-10 21:05:008871868,2,717
10
2
16
12
13
3
5
28
8
1
18
4
2
1
2
9
3
26
16
15
24
11
2
9
3
8
12
7
1
14
大
单
2018-05-10 21:05:008871854,7,213
11
3
17
13
4
4
6
29
1
2
19
5
1
2
3
10
4
7
17
16
25
12
2
10
4
9
13
1
2
15
小
单
2018-05-10 21:05:008871841,7,917
12
1
18
14
1
5
7
30
2
3
20
6
2
3
4
11
5
7
18
17
26
13
1
11
5
10
14
2
3
9
大
单
2018-05-10 21:05:008871837,4,415
13
1
19
15
2
6
8
7
3
4
21
7
3
4
4
12
6
1
19
18
27
14
2
12
4
11
15
3
4
1
大
单
2018-05-10 20:05:008871823,3,28
14
2
20
3
3
7
9
1
4
5
22
8
4
3
1
13
7
2
20
19
28
15
2
13
1
12
16
4
5
2
小
双
2018-05-10 20:05:008871811,0,34
15
1
21
1
4
8
10
2
5
6
0
9
5
1
2
14
8
3
21
20
29
16
1
3
2
13
17
5
6
3
小
双
2018-05-10 20:05:008871802,9,516
16
1
2
2
5
9
11
3
6
7
1
10
6
2
3
15
9
4
22
9
30
17
2
1
3
5
18
6
7
4
大
双
2018-05-10 20:05:008871799,9,321
17
2
1
3
6
10
12
4
7
9
2
11
7
3
4
16
10
5
23
9
31
18
3
3
4
1
19
7
8
5
大
单
2018-05-10 20:05:008871788,6,822
18
3
2
4
7
11
13
5
8
1
3
12
8
4
5
17
6
6
24
1
32
19
4
1
5
2
20
8
8
6
大
双
2018-05-10 20:05:008871776,6,214
19
4
3
5
8
12
6
6
1
2
4
13
9
5
6
18
6
7
25
2
33
20
2
2
6
3
21
9
1
7
大
双
2018-05-10 20:05:008871766,1,07
20
5
4
6
9
13
6
7
2
3
5
1
10
6
7
19
1
8
26
3
0
21
1
3
7
4
22
10
2
8
小
单
2018-05-10 20:05:008871756,1,310
21
6
5
7
10
14
6
8
3
4
6
1
11
7
8
20
2
9
27
4
1
22
2
3
8
5
23
11
3
9
小
双
2018-05-10 20:05:008871741,4,27
22
1
6
8
11
15
1
9
4
5
7
1
12
8
4
21
3
10
28
5
2
23
2
1
9
6
24
12
4
10
小
单
2018-05-10 20:05:008871733,0,47
23
1
7
3
12
16
2
10
5
6
0
2
13
9
1
22
4
11
29
6
3
24
1
2
4
7
25
13
5
11
小
单
2018-05-10 20:05:008871724,8,113
24
2
8
1
4
17
3
11
6
7
1
3
14
10
2
23
5
12
8
7
4
1
2
3
1
8
26
14
6
12
小
单
2018-05-10 20:05:008871716,3,312
25
3
9
2
1
18
6
12
7
8
2
4
15
3
3
24
6
13
1
8
5
1
3
3
2
9
27
15
7
13
小
双
2018-05-10 19:05:008871709,3,214
26
4
10
3
2
19
1
13
8
9
3
5
16
3
4
25
7
14
2
9
6
2
2
1
3
10
28
16
8
14
大
双
2018-05-10 19:05:008871692,4,713
27
5
2
4
3
20
2
14
9
1
4
6
17
1
4
26
8
15
3
10
7
3
1
2
4
11
29
7
9
15
小
单
2018-05-10 19:05:008871689,8,724
28
6
1
5
4
21
3
15
10
9
5
7
18
2
1
27
9
16
8
11
8
4
2
3
5
12
30
7
10
16
大
双
2018-05-10 19:05:008871674,1,27
29
7
2
6
4
22
4
16
11
1
6
1
19
3
2
28
10
17
1
12
9
5
2
4
6
13
31
1
11
17
小
单
2018-05-10 19:05:008871665,5,919
30
8
3
7
1
5
5
17
12
2
7
1
20
4
3
5
11
18
2
13
10
6
1
5
7
14
32
2
12
9
大
单
2018-05-10 19:05:008871650,8,412
0
9
4
8
2
1
6
18
13
3
8
2
21
5
4
1
12
19
8
14
11
7
2
6
4
15
33
3
13
1
小
双
2018-05-10 19:05:008871641,6,29
1
1
5
9
3
2
7
19
14
4
9
3
22
6
5
2
6
20
1
15
12
8
2
7
1
16
34
4
14
2
小
单
2018-05-10 19:05:008871637,0,29
2
1
6
10
4
3
8
7
15
5
0
4
23
7
6
3
1
21
2
16
13
9
2
8
2
17
35
5
15
3
小
单
2018-05-10 19:05:008871621,5,39
3
1
7
11
5
4
9
1
16
6
1
5
24
8
7
5
2
22
3
17
14
10
1
3
3
18
36
6
16
4
小
单
2018-05-10 19:05:008871612,0,79
4
1
2
12
6
5
10
2
17
7
0
6
25
9
8
1
3
23
4
18
15
11
2
1
4
19
37
7
17
5
小
单
2018-05-10 19:05:008871602,8,515
5
2
2
13
7
6
11
3
18
8
1
7
26
10
9
2
4
24
8
19
16
12
3
2
5
5
38
1
18
6
大
单
2018-05-10 19:05:008871594,5,817
6
3
1
14
4
7
12
4
19
9
2
8
27
11
10
5
5
25
1
20
17
13
4
3
6
1
39
2
8
7
大
单
2018-05-10 18:05:008871583,9,618
7
4
2
3
1
8
13
5
20
10
3
9
28
12
11
1
6
26
2
9
18
14
5
4
7
2
6
3
1
8
大
双
2018-05-10 18:05:008871579,8,017
8
5
3
1
2
9
14
6
21
9
4
10
29
13
12
2
7
27
8
1
0
15
6
5
8
3
1
4
2
9
大
单
2018-05-10 18:05:008871569,3,012
9
6
4
2
3
10
15
7
22
9
5
11
30
3
13
3
8
28
1
2
0
16
7
6
9
4
2
5
3
10
小
双
2018-05-10 18:05:008871556,6,719
10
7
5
3
4
11
6
8
23
1
6
12
31
1
14
4
6
29
2
3
1
17
8
7
10
5
3
7
4
11
大
单
2018-05-10 18:05:008871545,2,613
11
8
6
4
5
5
1
9
24
2
7
13
2
2
15
5
1
30
3
4
2
18
9
8
11
6
6
1
5
12
小
单
2018-05-10 18:05:008871530,6,06
0
9
7
5
6
1
2
10
25
3
8
14
1
3
16
6
6
31
4
5
0
19
10
9
12
7
1
2
6
13
小
双
2018-05-10 18:05:008871525,9,721
1
10
8
6
7
5
3
11
26
4
9
15
2
4
17
7
1
32
5
9
1
20
11
10
13
8
2
7
7
14
大
单
2018-05-10 18:05:008871511,5,28
2
1
9
7
8
1
4
12
27
5
10
16
3
5
18
5
2
33
6
1
2
21
2
11
14
9
3
1
8
15
小
双
2018-05-10 18:05:008871501,2,69
3
1
10
8
9
2
5
13
28
6
11
17
2
6
19
1
3
34
7
2
3
22
1
12
15
10
6
2
9
16
小
单
2018-05-10 18:05:008871492,8,212
4
1
2
9
10
3
6
14
29
7
12
18
1
7
20
2
4
35
8
3
4
23
2
13
16
11
1
3
10
17
小
双
2018-05-10 18:05:008871481,7,19
5
1
1
10
11
4
7
15
30
8
13
19
2
8
21
3
5
7
1
4
5
1
1
14
17
12
2
4
11
18
小
单
2018-05-10 18:05:008871472,5,29
6
1
2
11
12
5
8
16
31
9
14
20
3
9
22
5
6
1
2
5
6
1
2
15
18
13
3
5
12
19
小
单
2018-05-10 17:05:008871464,3,512
7
2
1
12
4
6
9
17
32
10
15
21
4
3
23
1
7
2
3
6
7
2
1
16
19
5
4
6
13
20
小
双
2018-05-10 17:05:008871456,3,817
8
3
2
13
1
7
6
18
33
11
16
22
5
3
24
2
8
3
4
7
8
3
2
17
20
1
5
7
8
21
大
单
2018-05-10 17:05:008871442,7,615
9
4
2
14
2
8
1
19
34
12
17
23
6
1
25
3
9
7
5
8
9
4
3
18
21
2
6
8
1
22
大
单
2018-05-10 17:05:008871433,9,820
10
5
1
3
3
9
2
20
35
13
18
24
7
2
26
4
10
1
6
9
10
5
4
19
22
3
1
9
8
23
大
双
2018-05-10 17:05:008871423,5,311
11
6
2
3
4
10
3
21
36
14
19
25
8
3
27
5
11
2
7
1
11
6
5
3
23
4
2
10
1
24
小
单
2018-05-10 17:05:008871412,3,05
12
7
2
1
5
11
4
22
37
15
20
26
9
3
28
1
12
3
8
2
0
7
6
1
24
5
3
11
2
25
小
单
2018-05-10 17:05:008871407,8,520
13
8
1
2
6
12
5
7
38
16
21
27
10
1
29
2
13
4
8
3
1
8
7
2
25
5
4
12
3
26
大
双
2018-05-10 17:05:008871390,9,110
0
9
2
3
7
13
6
1
39
17
22
28
11
2
30
3
14
5
1
9
2
1
8
3
26
1
5
13
4
27
小
双
2018-05-10 17:05:008871381,6,512
1
1
3
4
8
14
7
2
40
18
23
29
12
3
31
4
6
6
2
1
3
1
9
4
27
5
6
14
5
28
小
双
2018-05-10 17:05:008871372,5,07
2
1
2
5
9
15
8
3
41
19
24
30
13
4
32
5
1
7
3
2
0
2
10
5
28
1
7
15
6
29
小
单
2018-05-10 17:05:008871361,9,414
3
1
1
6
10
16
9
4
42
20
25
31
14
5
33
1
2
8
4
9
1
3
11
6
4
2
8
16
7
30
大
双
2018-05-10 17:05:008871358,6,317
4
1
2
7
11
17
10
5
8
21
26
32
15
6
34
2
6
9
5
1
2
4
12
3
1
3
9
17
8
31
大
单
2018-05-10 16:05:008871342,5,29
5
2
2
8
12
18
11
6
1
22
27
33
16
7
35
5
1
10
6
2
3
5
2
1
2
4
10
18
9
32
小
单
2018-05-10 16:05:008871331,2,811
6
1
1
9
13
19
12
7
2
23
28
34
2
8
36
1
2
11
7
3
4
6
1
2
3
5
11
19
8
33
小
单
2018-05-10 16:05:008871323,2,05
7
1
2
3
14
20
13
8
3
24
29
35
2
9
37
2
3
12
8
4
0
7
2
3
4
6
12
20
1
34
小
单
2018-05-10 16:05:008871318,4,315
8
2
3
1
15
21
14
9
8
25
30
36
1
10
4
3
4
13
9
5
1
8
3
3
5
7
13
21
2
35
大
单
2018-05-10 16:05:008871309,5,216
9
3
4
2
16
22
15
10
1
9
31
37
2
11
1
5
5
14
10
6
2
9
2
1
6
8
14
22
3
36
大
双
2018-05-10 16:05:008871290,0,55
0
4
5
3
17
23
16
11
2
1
0
38
3
12
2
1
6
15
11
7
3
10
1
2
7
5
15
23
4
37
小
单
2018-05-10 16:05:008871289,8,118
1
5
6
4
18
24
17
12
3
9
1
39
4
13
3
2
7
16
8
8
4
1
2
3
8
1
16
24
5
38
大
双
2018-05-10 16:05:008871276,4,515
2
6
7
5
19
25
6
13
4
1
2
40
5
14
4
3
8
17
1
9
5
1
3
4
9
5
17
25
6
39
大
单
2018-05-10 16:05:008871267,9,824
3
7
8
6
20
26
1
7
5
2
3
41
6
15
1
4
9
18
2
9
6
2
4
5
10
1
18
26
8
40
大
双
2018-05-10 16:05:008871253,9,416
4
8
9
3
21
27
2
1
6
3
4
42
7
16
2
5
10
19
3
9
7
3
5
6
4
2
19
27
1
41
大
双
2018-05-10 16:05:008871240,3,58
0
9
10
1
22
28
3
2
7
4
5
43
8
3
3
6
11
20
4
1
8
4
6
7
1
5
20
28
2
42
小
双
2018-05-10 16:05:008871235,7,517
1
10
11
2
23
5
4
3
8
5
6
44
9
1
4
7
12
7
5
2
9
5
7
8
2
5
21
29
3
43
大
单
2018-05-10 15:05:008871229,1,010
2
11
12
3
24
1
5
4
9
9
7
1
10
2
5
8
13
1
6
3
0
6
8
9
3
1
22
30
4
44
小
双
2018-05-10 15:05:008871212,0,35
3
12
2
4
25
2
6
5
10
1
0
1
11
3
6
9
14
2
7
4
1
7
9
3
4
2
23
31
5
45
小
单
2018-05-10 15:05:008871202,9,415
4
13
2
5
26
3
7
6
11
2
1
2
12
4
7
10
15
3
8
9
2
8
10
1
4
3
24
32
6
46
大
单
2018-05-10 15:05:008871192,2,15
5
14
2
6
27
4
8
7
12
3
2
3
2
5
8
11
16
4
9
1
3
1
11
2
1
4
25
33
7
47
小
单
2018-05-10 15:05:008871181,7,816
6
1
1
7
28
5
9
8
13
4
3
4
1
6
9
12
17
7
10
2
4
1
12
3
2
5
26
34
8
48
大
双
2018-05-10 15:05:008871171,9,919
7
1
2
8
29
6
10
9
14
5
4
5
2
7
10
13
18
1
11
9
5
2
13
4
3
6
27
35
1
9
大
单
2018-05-10 15:05:008871160,1,56
0
1
3
9
30
7
11
10
15
6
5
1
3
8
11
14
19
2
12
1
6
3
14
5
4
5
28
36
2
1
小
双
2018-05-10 15:05:008871154,6,818
1
2
4
10
4
8
12
11
16
7
6
1
4
9
12
15
6
3
13
2
7
4
15
6
5
1
29
37
8
2
大
双
2018-05-10 15:05:008871144,5,716
2
3
5
11
4
9
13
12
17
8
7
2
5
10
13
5
1
4
14
3
8
5
16
7
6
2
30
7
1
3
大
双
2018-05-10 15:05:008871137,6,215
3
4
6
12
1
10
14
7
18
9
8
3
6
11
14
1
6
5
15
4
9
6
2
8
7
3
31
1
2
4
大
单
2018-05-10 15:05:008871127,9,117
4
5
7
13
2
11
15
7
19
10
9
4
7
12
15
2
1
6
16
9
10
1
1
9
8
4
32
2
3
5
大
单
2018-05-10 15:05:008871113,0,69
5
6
8
3
3
12
16
1
20
11
0
5
8
13
16
3
2
7
17
1
11
1
2
10
9
5
6
3
4
6
小
单
2018-05-10 14:05:008871100,7,815
0
7
9
1
4
13
17
2
21
12
1
6
9
14
17
4
3
7
18
2
12
2
3
11
10
6
1
4
8
7
大
单
2018-05-10 14:05:008871096,7,922
1
8
10
2
5
14
6
3
22
13
2
7
10
15
18
5
4
7
19
3
13
3
4
12
11
7
2
5
1
9
大
双
2018-05-10 14:05:008871085,1,410
2
9
11
3
6
5
1
4
23
14
3
1
11
16
19
6
5
1
20
4
14
4
5
13
4
8
3
6
2
1
小
双
2018-05-10 14:05:008871078,1,312
3
10
12
4
7
1
2
5
8
15
4
1
12
17
20
7
6
2
21
5
15
5
6
3
1
9
4
7
3
2
小
双
2018-05-10 14:05:008871068,4,315
4
11
13
5
8
2
3
6
8
16
5
1
13
18
4
8
7
3
22
6
16
6
7
3
2
10
5
8
4
3
大
单
2018-05-10 14:05:008871058,6,014
5
12
14
6
9
3
4
7
8
17
6
2
14
19
1
9
6
4
23
7
0
7
8
1
3
11
6
9
5
4
大
双
2018-05-10 14:05:008871042,4,915
6
13
2
7
10
4
5
8
1
18
7
3
15
20
4
10
1
5
24
8
1
8
9
2
4
12
7
10
6
9
大
单
2018-05-10 14:05:008871034,6,919
7
14
1
8
4
5
6
9
2
19
8
4
16
21
1
11
6
6
25
9
2
9
10
3
5
13
8
11
7
9
大
单
2018-05-10 14:05:008871028,5,215
8
15
2
9
1
6
7
10
8
20
9
5
17
22
2
5
1
7
26
10
3
10
2
4
6
14
9
12
8
1
大
单
2018-05-10 14:05:008871017,8,419
9
16
3
10
2
7
8
7
1
21
10
6
18
23
3
1
2
8
8
11
4
11
1
5
4
15
10
13
9
2
大
单
2018-05-10 14:05:008871006,5,415
10
17
4
11
3
8
6
1
2
22
11
7
19
24
4
5
3
9
1
12
5
12
2
6
4
16
11
14
10
3
大
单
2018-05-10 14:05:008870998,2,818
11
18
5
12
4
9
1
2
8
23
12
8
2
25
5
1
4
10
2
13
6
13
3
7
1
17
12
15
8
4
大
双
2018-05-10 13:05:008870986,1,916
12
19
6
13
5
10
6
3
1
24
13
1
1
26
6
2
5
11
3
14
7
14
4
8
2
18
13
16
1
9
大
双
2018-05-10 13:05:008870974,8,214
13
20
7
14
4
11
1
4
2
25
14
1
2
27
7
3
6
12
8
15
8
15
2
9
3
19
14
17
2
1
大
双
2018-05-10 13:05:008870963,4,714
14
21
8
3
1
12
2
5
3
26
15
2
3
28
4
4
7
13
1
16
9
16
1
10
4
20
15
7
3
2
大
双
2018-05-10 13:05:008870952,5,29
15
22
2
1
2
13
3
6
4
27
16
3
4
29
1
5
8
14
2
17
10
17
2
11
5
21
16
1
4
3
小
单
2018-05-10 13:05:008870945,4,211
16
23
1
2
3
5
4
7
5
28
17
4
5
30
4
1
9
15
3
18
11
18
2
12
6
22
17
2
5
4
小
单
2018-05-10 13:05:008870938,9,522
17
24
2
3
4
1
5
8
8
29
18
5
6
31
1
2
10
16
4
9
12
19
1
13
7
5
18
3
6
5
大
双
2018-05-10 13:05:008870925,7,820
18
25
3
4
5
5
6
9
1
30
19
6
7
32
2
3
11
7
5
1
13
20
2
14
8
1
19
4
8
6
大
双
2018-05-10 13:05:008870917,5,921
19
26
4
5
6
1
7
7
2
31
20
7
8
33
3
5
12
1
6
2
14
21
3
15
9
2
20
5
1
9
大
单
2018-05-10 13:05:008870900,3,811
0
27
5
6
7
2
8
1
3
32
21
8
9
3
4
1
13
2
7
3
15
22
4
16
10
3
21
6
8
1
小
单
2018-05-10 13:05:008870895,9,721
1
28
6
7
8
5
9
2
4
33
22
9
10
1
5
2
14
3
8
9
16
23
5
17
11
4
22
7
1
2
大
单
2018-05-10 13:05:008870887,4,819
2
29
7
8
9
1
10
7
5
34
23
10
11
2
4
3
15
4
9
1
17
24
6
18
12
5
23
1
8
3
大
单
2018-05-10 13:05:008870878,1,110
3
30
8
9
10
2
11
1
8
35
24
1
12
3
1
4
16
5
10
2
18
1
7
19
13
6
24
2
1
4
小
双
2018-05-10 12:05:008870865,8,417
4
31
9
10
11
5
12
2
1
36
25
1
13
4
2
5
17
6
8
3
19
1
8
20
4
7
25
3
2
5
大
单
2018-05-10 12:05:008870854,8,921
5
32
10
11
4
1
13
3
2
37
26
2
14
5
3
6
18
7
8
4
20
2
9
21
1
8
26
4
3
9
大
单
2018-05-10 12:05:008870849,8,522
6
33
11
12
1
2
14
4
3
9
27
3
15
6
4
7
19
8
8
5
21
3
10
22
2
5
27
5
4
1
大
双
2018-05-10 12:05:008870839,6,318
7
34
12
13
2
3
15
5
4
9
28
4
16
7
5
8
6
9
1
6
22
4
11
3
3
1
28
6
5
2
大
双
2018-05-10 12:05:008870820,8,715
0
35
13
14
3
4
16
6
5
1
29
5
17
8
6
9
1
10
8
7
23
5
12
1
4
2
29
7
6
3
大
单
2018-05-10 12:05:008870812,4,410
1
36
2
15
4
5
17
7
6
2
30
6
18
9
4
10
2
11
1
8
24
6
13
2
4
3
30
1
7
4
小
双
2018-05-10 12:05:008870809,6,217
2
37
1
16
5
6
18
8
7
9
31
7
19
10
1
11
6
12
2
9
25
7
2
3
1
4
31
2
8
5
大
单
2018-05-10 12:05:008870799,6,722
3
38
2
17
6
7
19
9
8
9
32
8
20
11
2
12
6
13
3
10
26
8
1
4
2
5
32
7
9
6
大
双
2018-05-10 12:05:008870784,3,310
4
39
3
18
4
8
20
10
9
1
33
9
21
3
3
13
1
14
4
11
27
9
2
3
3
6
33
1
10
7
小
双
2018-05-10 12:05:008870771,0,67
5
1
4
19
1
9
21
11
10
2
0
10
22
1
4
14
2
15
5
12
28
10
3
1
4
7
6
2
11
8
小
单
2018-05-10 12:05:008870761,3,48
6
1
5
20
2
10
22
12
11
3
1
11
23
3
5
15
3
16
6
13
29
11
4
2
4
8
1
3
12
9
小
双
2018-05-10 12:05:008870753,0,25
7
1
6
3
3
11
23
13
12
4
0
12
24
1
6
16
4
17
7
14
30
12
2
3
1
9
2
4
13
10
小
单
2018-05-10 11:05:008870740,3,25
0
2
7
1
4
12
24
14
13
5
1
13
25
3
7
17
5
18
8
15
31
13
2
4
2
10
3
5
14
11
小
单
2018-05-10 11:05:008870732,4,915
1
3
2
2
5
13
25
15
14
6
2
14
26
1
4
18
6
19
9
16
32
14
1
5
3
11
4
6
15
9
大
单
2018-05-10 11:05:008870721,3,913
2
1
1
3
6
14
26
16
15
7
3
15
27
3
1
19
7
20
10
17
33
15
2
6
4
12
5
7
16
9
小
单
2018-05-10 11:05:008870712,8,919
3
1
2
4
7
15
27
17
16
8
4
16
28
1
2
20
8
21
8
18
34
16
3
7
5
13
6
8
17
9
大
单
2018-05-10 11:05:008870708,8,016
4
2
1
5
8
16
28
18
8
9
5
17
29
2
3
21
9
22
8
19
0
17
4
8
6
14
7
9
18
1
大
双
2018-05-10 11:05:008870690,7,411
0
3
2
6
9
17
29
19
1
10
6
18
30
3
4
22
10
7
1
20
1
18
5
9
4
15
8
10
19
2
小
单
2018-05-10 11:05:008870681,3,04
1
1
3
7
10
18
30
20
2
11
7
19
31
3
5
23
11
1
2
21
0
19
6
10
1
16
9
11
20
3
小
双
2018-05-10 11:05:008870679,7,925
2
1
4
8
11
19
31
21
3
9
8
20
32
1
6
24
12
7
3
22
1
20
7
11
2
17
10
12
21
9
大
单
2018-05-10 11:05:008870662,4,39
3
2
2
9
12
20
32
22
4
1
9
21
33
2
4
25
13
1
4
23
2
21
8
3
3
18
11
13
22
1
小
单
2018-05-10 11:05:008870655,1,814
4
3
1
10
13
5
33
23
5
2
10
1
34
3
1
26
14
2
5
24
3
22
9
1
4
19
12
14
8
2
大
双
2018-05-10 11:05:008870647,3,111
5
4
2
11
14
1
34
7
6
3
11
1
35
3
2
27
15
3
6
25
4
1
10
2
5
20
13
15
1
3
小
单
2018-05-10 11:05:008870636,8,519
6
5
3
12
15
2
6
1
7
4
12
2
36
1
3
28
16
4
8
26
5
1
11
3
6
5
14
16
2
4
大
单
2018-05-10 10:05:008870625,7,214
7
6
4
13
16
5
1
2
8
5
13
3
37
2
4
29
17
7
1
27
6
2
2
4
7
1
15
17
3
5
大
双
2018-05-10 10:05:008870614,1,49
8
7
5
14
4
1
2
3
9
6
14
1
38
3
5
30
18
1
2
28
7
3
1
5
4
2
16
18
4
6
小
单
2018-05-10 10:05:008870602,4,915
9
8
2
15
1
2
3
4
10
7
15
1
39
4
4
31
19
2
3
29
8
4
2
6
1
3
17
19
5
9
大
单
2018-05-10 10:05:008870592,3,914
10
9
2
16
2
3
4
5
11
8
16
2
40
3
1
32
20
3
4
30
9
5
3
7
2
4
18
20
6
9
大
双
2018-05-10 10:05:008870584,3,512
11
10
1
17
4
4
5
6
12
9
17
3
41
3
2
33
21
4
5
31
10
6
4
8
3
5
19
21
7
1
小
双
2018-05-10 10:05:008870576,7,720
12
11
2
18
1
5
6
7
13
10
18
4
42
1
3
34
22
7
6
32
11
7
5
9
4
1
20
7
8
2
大
双
2018-05-10 10:05:008870567,4,819
13
12
3
19
2
6
1
7
14
11
19
5
43
2
4
35
23
1
7
33
12
8
6
10
5
2
21
1
8
3
大
单
2018-05-10 10:05:008870557,3,313
14
13
4
20
3
7
2
7
15
12
20
6
44
3
1
36
24
2
8
34
13
9
7
3
6
3
22
2
1
4
小
单
2018-05-10 10:05:008870541,6,411
15
1
5
21
4
8
3
1
16
13
21
7
45
1
2
37
6
3
9
35
14
10
8
1
4
4
23
3
2
5
小
单
2018-05-10 10:05:008870532,1,36
16
1
2
22
5
9
4
2
17
14
22
1
46
2
3
38
1
4
10
36
15
11
9
3
1
5
24
4
3
6
小
双
2018-05-10 10:05:008870528,5,619
17
2
1
23
6
10
5
3
8
15
23
1
47
3
4
5
2
5
11
37
16
12
10
1
2
6
6
5
4
7
大
单
2018-05-10 10:05:008870517,4,819
18
3
2
24
7
11
6
7
1
16
24
2
48
4
4
1
3
6
12
38
17
13
11
2
3
7
1
6
8
8
大
单
2018-05-10 09:05:008870507,6,417
19
4
3
25
8
12
7
7
2
17
25
3
49
5
1
2
6
7
13
39
18
14
12
3
4
8
2
7
1
9
大
单
2018-05-10 09:05:008870495,2,411
20
5
4
26
9
5
8
1
3
18
26
4
2
6
2
3
1
8
14
40
19
15
13
4
4
9
3
8
2
10
小
单
2018-05-10 09:05:008870485,1,28
21
6
5
27
10
5
9
2
4
19
27
1
1
7
3
4
2
9
15
41
20
16
2
5
1
10
4
9
3
11
小
双
2018-05-10 09:05:008870473,3,713
22
7
6
3
11
1
10
3
5
20
28
1
2
3
4
5
3
10
16
42
21
17
1
6
2
11
5
7
4
12
小
单
2018-05-10 09:05:008870465,0,510
23
8
7
1
12
5
11
4
6
21
0
2
3
1
5
6
4
11
17
43
22
18
2
7
3
5
6
1
5
13
小
双
2018-05-10 09:05:008870457,3,919
24
9
8
2
13
1
12
7
7
22
1
3
4
3
6
7
5
12
18
44
23
19
3
8
4
1
7
2
6
9
大
单
2018-05-10 09:05:008870449,1,212
25
10
9
3
14
2
13
1
8
9
2
1
5
1
7
8
6
13
19
45
24
20
2
9
5
2
8
3
7
1
小
双
2018-05-10 09:05:008870435,2,29
26
11
10
4
15
5
14
2
9
1
3
1
2
2
8
9
7
14
20
46
25
21
2
10
6
3
9
4
8
2
小
单
2018-05-10 09:05:008870420,8,19
0
12
11
5
16
1
15
3
10
2
4
2
1
3
9
10
8
15
8
47
26
1
1
11
7
4
10
5
9
3
小
单
2018-05-10 09:05:008870415,8,518
1
13
12
6
17
5
16
4
11
3
5
3
2
4
10
11
9
16
8
48
27
1
2
12
8
5
11
6
10
4
大
双
2018-05-10 09:05:008870402,9,112
2
14
2
7
18
1
17
5
12
4
6
4
3
5
11
12
10
17
1
9
28
1
3
13
9
1
12
7
11
5
小
双
遗漏统计
开奖日期期号奖号和值
百位十位个位
0
1
2
3
4
5
6
7
8
9
0
1
2
3
4
5
6
7
8
9
0
1
2
3
4
5
6
7
8
9
和值类型
大
小
单
双
出现总次数
15
21
27
15
15
20
14
16
18
18
14
17
14
21
20
18
21
15
21
18
12
13
32
19
22
19
9
16
19
18
94
85
98
81
平均遗漏值
10
6
5
10
9
7
10
9
8
8
11
9
11
7
7
8
7
9
7
8
11
12
4
7
6
8
17
9
7
8
2
11
1
2
最大遗漏值
30
39
21
27
30
28
34
30
42
37
33
44
49
33
37
38
24
35
29
48
34
24
20
22
28
22
39
37
22
48
6
79
4
6
最大连出值
2
2
3
2
2
2
3
2
3
2
1
2
2
2
1
1
2
2
3
2
2
1
3
2
2
2
1
2
1
3
11
4
6
4
参数说明
遗漏数据： 自上期开出到本期间隔的期数。
遗漏分层： 将当前遗漏用浅蓝色柱状阴影标注。
出现总次数： 统计期数内实际出现的次数。
平均遗漏值： 统计期数内遗漏的平均值。平均遗漏=每次遗漏期数之和/出现次数。
最大遗漏值： 统计期数内遗漏的最大值。
最大连出值： 统计期数内连续开出的最大值。