蛋蛋基本走势K线图历史开奖数据
遗漏数据遗漏分层折线
查询：
近30期
近50期
近100期
近150期
近200期
前天
昨天
今天
开奖日期期号奖号和值
百位十位个位
0
1
2
3
4
5
6
7
8
9
0
1
2
3
4
5
6
7
8
9
0
1
2
3
4
5
6
7
8
9
和值类型
大
小
单
双
2018-05-13 23:05:008877552,9,617
1
1
2
1
1
1
1
1
1
1
1
1
1
1
1
1
1
1
1
9
1
1
1
1
1
1
6
1
1
1
大
单
2018-05-13 23:05:008877544,4,917
2
2
1
2
4
2
2
2
2
2
2
2
2
2
4
2
2
2
2
1
2
2
2
2
2
2
1
2
2
9
大
单
2018-05-13 23:05:008877532,1,710
3
3
2
3
1
3
3
3
3
3
3
1
3
3
1
3
3
3
3
2
3
3
3
3
3
3
2
7
3
1
小
双
2018-05-13 23:05:008877523,8,011
4
4
1
3
2
4
4
4
4
4
4
1
4
4
2
4
4
4
8
3
0
4
4
4
4
4
3
1
4
2
小
单
2018-05-13 23:05:008877517,1,513
5
5
2
1
3
5
5
7
5
5
5
1
5
5
3
5
5
5
1
4
1
5
5
5
5
5
4
2
5
3
小
单
2018-05-13 23:05:008877505,7,416
6
6
3
2
4
5
6
1
6
6
6
1
6
6
4
6
6
7
2
5
2
6
6
6
4
1
5
3
6
4
大
双
2018-05-13 23:05:008877499,8,320
7
7
4
3
5
1
7
2
7
9
7
2
7
7
5
7
7
1
8
6
3
7
7
3
1
2
6
4
7
5
大
双
2018-05-13 23:05:008877487,9,117
8
8
5
4
6
2
8
7
8
1
8
3
8
8
6
8
8
2
1
9
4
1
8
1
2
3
7
5
8
6
大
单
2018-05-13 23:05:008877475,1,28
9
9
6
5
7
5
9
1
9
2
9
1
9
9
7
9
9
3
2
1
5
1
2
2
3
4
8
6
9
7
小
双
2018-05-13 23:05:008877464,4,412
10
10
7
6
4
1
10
2
10
3
10
1
10
10
4
10
10
4
3
2
6
2
1
3
4
5
9
7
10
8
小
双
2018-05-13 23:05:008877459,5,923
11
11
8
7
1
2
11
3
11
9
11
2
11
11
1
5
11
5
4
3
7
3
2
4
1
6
10
8
11
9
大
单
2018-05-13 23:05:008877443,5,513
12
12
9
3
2
3
12
4
12
1
12
3
12
12
2
5
12
6
5
4
8
4
3
5
2
5
11
9
12
1
小
单
2018-05-13 22:05:008877435,2,916
13
13
10
1
3
5
13
5
13
2
13
4
2
13
3
1
13
7
6
5
9
5
4
6
3
1
12
10
13
9
大
双
2018-05-13 22:05:008877424,0,04
14
14
11
2
4
1
14
6
14
3
0
5
1
14
4
2
14
8
7
6
0
6
5
7
4
2
13
11
14
1
小
双
2018-05-13 22:05:008877410,3,69
0
15
12
3
1
2
15
7
15
4
1
6
2
3
5
3
15
9
8
7
1
7
6
8
5
3
6
12
15
2
小
单
2018-05-13 22:05:008877403,3,713
1
16
13
3
2
3
16
8
16
5
2
7
3
3
6
4
16
10
9
8
2
8
7
9
6
4
1
7
16
3
小
单
2018-05-13 22:05:008877398,0,715
2
17
14
1
3
4
17
9
8
6
0
8
4
1
7
5
17
11
10
9
3
9
8
10
7
5
2
7
17
4
大
单
2018-05-13 22:05:008877380,8,816
0
18
15
2
4
5
18
10
1
7
1
9
5
2
8
6
18
12
8
10
4
10
9
11
8
6
3
1
8
5
大
双
2018-05-13 22:05:008877372,9,112
1
19
2
3
5
6
19
11
2
8
2
10
6
3
9
7
19
13
1
9
5
1
10
12
9
7
4
2
1
6
小
双
2018-05-13 22:05:008877367,5,719
2
20
1
4
6
7
20
7
3
9
3
11
7
4
10
5
20
14
2
1
6
1
11
13
10
8
5
7
2
7
大
单
2018-05-13 22:05:008877358,3,314
3
21
2
5
7
8
21
1
8
10
4
12
8
3
11
1
21
15
3
2
7
2
12
3
11
9
6
1
3
8
大
双
2018-05-13 22:05:008877341,6,310
4
1
3
6
8
9
22
2
1
11
5
13
9
1
12
2
6
16
4
3
8
3
13
3
12
10
7
2
4
9
小
双
2018-05-13 22:05:008877339,6,116
5
1
4
7
9
10
23
3
2
9
6
14
10
2
13
3
6
17
5
4
9
1
14
1
13
11
8
3
5
10
大
双
2018-05-13 22:05:008877329,1,313
6
2
5
8
10
11
24
4
3
9
7
1
11
3
14
4
1
18
6
5
10
1
15
3
14
12
9
4
6
11
小
单
2018-05-13 21:05:008877311,5,410
7
1
6
9
11
12
25
5
4
1
8
1
12
4
15
5
2
19
7
6
11
2
16
1
4
13
10
5
7
12
小
双
2018-05-13 21:05:008877305,9,317
8
1
7
10
12
5
26
6
5
2
9
2
13
5
16
1
3
20
8
9
12
3
17
3
1
14
11
6
8
13
大
单
2018-05-13 21:05:008877296,8,822
9
2
8
11
13
1
6
7
6
3
10
3
14
6
17
2
4
21
8
1
13
4
18
1
2
15
12
7
8
14
大
双
2018-05-13 21:05:008877283,5,816
10
3
9
3
14
2
1
8
7
4
11
4
15
7
18
5
5
22
1
2
14
5
19
2
3
16
13
8
8
15
大
双
2018-05-13 21:05:008877272,8,515
11
4
2
1
15
3
2
9
8
5
12
5
16
8
19
1
6
23
8
3
15
6
20
3
4
5
14
9
1
16
大
单
2018-05-13 21:05:008877266,0,814
12
5
1
2
16
4
6
10
9
6
0
6
17
9
20
2
7
24
1
4
16
7
21
4
5
1
15
10
8
17
大
双
2018-05-13 21:05:008877250,7,310
0
6
2
3
17
5
1
11
10
7
1
7
18
10
21
3
8
7
2
5
17
8
22
3
6
2
16
11
1
18
小
双
2018-05-13 21:05:008877244,0,59
1
7
3
4
4
6
2
12
11
8
0
8
19
11
22
4
9
1
3
6
18
9
23
1
7
5
17
12
2
19
小
单
2018-05-13 21:05:008877238,9,421
2
8
4
5
1
7
3
13
8
9
1
9
20
12
23
5
10
2
4
9
19
10
24
2
4
1
18
13
3
20
大
单
2018-05-13 21:05:008877221,7,08
3
1
5
6
2
8
4
14
1
10
2
10
21
13
24
6
11
7
5
1
0
11
25
3
1
2
19
14
4
21
小
双
2018-05-13 21:05:008877218,9,219
4
1
6
7
3
9
5
15
8
11
3
11
22
14
25
7
12
1
6
9
1
12
2
4
2
3
20
15
5
22
大
单
2018-05-13 21:05:008877203,0,25
5
2
7
3
4
10
6
16
1
12
0
12
23
15
26
8
13
2
7
1
2
13
2
5
3
4
21
16
6
23
小
单
2018-05-13 20:05:008877197,5,719
6
3
8
1
5
11
7
7
2
13
1
13
24
16
27
5
14
3
8
2
3
14
1
6
4
5
22
7
7
24
大
单
2018-05-13 20:05:008877183,3,06
7
4
9
3
6
12
8
1
3
14
2
14
25
3
28
1
15
4
9
3
0
15
2
7
5
6
23
1
8
25
小
双
2018-05-13 20:05:008877176,2,210
8
5
10
1
7
13
6
2
4
15
3
15
2
1
29
2
16
5
10
4
1
16
2
8
6
7
24
2
9
26
小
双
2018-05-13 20:05:008877168,8,925
9
6
11
2
8
14
1
3
8
16
4
16
1
2
30
3
17
6
8
5
2
17
1
9
7
8
25
3
10
9
大
单
2018-05-13 20:05:008877158,3,011
10
7
12
3
9
15
2
4
8
17
5
17
2
3
31
4
18
7
1
6
0
18
2
10
8
9
26
4
11
1
小
单
2018-05-13 20:05:008877147,2,918
11
8
13
4
10
16
3
7
1
18
6
18
2
1
32
5
19
8
2
7
1
19
3
11
9
10
27
5
12
9
大
双
2018-05-13 20:05:008877137,4,213
12
9
14
5
11
17
4
7
2
19
7
19
1
2
4
6
20
9
3
8
2
20
2
12
10
11
28
6
13
1
小
单
2018-05-13 20:05:008877128,9,724
13
10
15
6
12
18
5
1
8
20
8
20
2
3
1
7
21
10
4
9
3
21
1
13
11
12
29
7
14
2
大
双
2018-05-13 20:05:008877117,8,520
14
11
16
7
13
19
6
7
1
21
9
21
3
4
2
8
22
11
8
1
4
22
2
14
12
5
30
1
15
3
大
双
2018-05-13 20:05:008877101,4,712
15
1
17
8
14
20
7
1
2
22
10
22
4
5
4
9
23
12
1
2
5
23
3
15
13
1
31
7
16
4
小
双
2018-05-13 20:05:008877091,2,25
16
1
18
9
15
21
8
2
3
23
11
23
2
6
1
10
24
13
2
3
6
24
2
16
14
2
32
1
17
5
小
单
2018-05-13 20:05:008877083,5,513
17
1
19
3
16
22
9
3
4
24
12
24
1
7
2
5
25
14
3
4
7
25
1
17
15
5
33
2
18
6
小
单
2018-05-13 19:05:008877077,1,917
18
2
20
1
17
23
10
7
5
25
13
1
2
8
3
1
26
15
4
5
8
26
2
18
16
1
34
3
19
9
大
单
2018-05-13 19:05:008877065,1,39
19
3
21
2
18
5
11
1
6
26
14
1
3
9
4
2
27
16
5
6
9
27
3
3
17
2
35
4
20
1
小
单
2018-05-13 19:05:008877050,1,910
0
4
22
3
19
1
12
2
7
27
15
1
4
10
5
3
28
17
6
7
10
28
4
1
18
3
36
5
21
9
小
双
2018-05-13 19:05:008877041,8,413
1
1
23
4
20
2
13
3
8
28
16
1
5
11
6
4
29
18
8
8
11
29
5
2
4
4
37
6
22
1
小
单
2018-05-13 19:05:008877036,0,17
2
1
24
5
21
3
6
4
9
29
0
2
6
12
7
5
30
19
1
9
12
1
6
3
1
5
38
7
23
2
小
单
2018-05-13 19:05:008877027,8,722
3
2
25
6
22
4
1
7
10
30
1
3
7
13
8
6
31
20
8
10
13
1
7
4
2
6
39
7
24
3
大
双
2018-05-13 19:05:008877018,1,716
4
3
26
7
23
5
2
1
8
31
2
1
8
14
9
7
32
21
1
11
14
2
8
5
3
7
40
7
25
4
大
双
2018-05-13 19:05:008877005,6,415
5
4
27
8
24
5
3
2
1
32
3
1
9
15
10
8
6
22
2
12
15
3
9
6
4
8
41
1
26
5
大
单
2018-05-13 19:05:008876997,8,318
6
5
28
9
25
1
4
7
2
33
4
2
10
16
11
9
1
23
8
13
16
4
10
3
1
9
42
2
27
6
大
双
2018-05-13 19:05:008876985,5,717
7
6
29
10
26
5
5
1
3
34
5
3
11
17
12
5
2
24
1
14
17
5
11
1
2
10
43
7
28
7
大
单
2018-05-13 19:05:008876974,4,917
8
7
30
11
4
1
6
2
4
35
6
4
12
18
4
1
3
25
2
15
18
6
12
2
3
11
44
1
29
9
大
单
2018-05-13 19:05:008876966,2,816
9
8
31
12
1
2
6
3
5
36
7
5
2
19
1
2
4
26
3
16
19
7
13
3
4
12
45
2
8
1
大
双
2018-05-13 18:05:008876957,6,720
10
9
32
13
2
3
1
7
6
37
8
6
1
20
2
3
6
27
4
17
20
8
14
4
5
13
46
7
1
2
大
双
2018-05-13 18:05:008876946,3,413
11
10
33
14
3
4
6
1
7
38
9
7
2
3
3
4
1
28
5
18
21
9
15
5
4
14
47
1
2
3
小
单
2018-05-13 18:05:008876934,7,011
12
11
34
15
4
5
1
2
8
39
10
8
3
1
4
5
2
7
6
19
0
10
16
6
1
15
48
2
3
4
小
单
2018-05-13 18:05:008876922,7,110
13
12
2
16
1
6
2
3
9
40
11
9
4
2
5
6
3
7
7
20
1
1
17
7
2
16
49
3
4
5
小
双
2018-05-13 18:05:008876918,2,414
14
13
1
17
2
7
3
4
8
41
12
10
2
3
6
7
4
1
8
21
2
1
18
8
4
17
50
4
5
6
大
双
2018-05-13 18:05:008876906,8,620
15
14
2
18
3
8
6
5
1
42
13
11
1
4
7
8
5
2
8
22
3
2
19
9
1
18
6
5
6
7
大
双
2018-05-13 18:05:008876892,7,514
16
15
2
19
4
9
1
6
2
43
14
12
2
5
8
9
6
7
1
23
4
3
20
10
2
5
1
6
7
8
大
双
2018-05-13 18:05:008876880,5,38
0
16
1
20
5
10
2
7
3
44
15
13
3
6
9
5
7
1
2
24
5
4
21
3
3
1
2
7
8
9
小
双
2018-05-13 18:05:008876871,9,111
1
1
2
21
6
11
3
8
4
45
16
14
4
7
10
1
8
2
3
9
6
1
22
1
4
2
3
8
9
10
小
单
2018-05-13 18:05:008876867,4,415
2
1
3
22
7
12
4
7
5
46
17
15
5
8
4
2
9
3
4
1
7
1
23
2
4
3
4
9
10
11
大
单
2018-05-13 18:05:008876858,9,825
3
2
4
23
8
13
5
1
8
47
18
16
6
9
1
3
10
4
5
9
8
2
24
3
1
4
5
10
8
12
大
单
2018-05-13 18:05:008876844,4,210
4
3
5
24
4
14
6
2
1
48
19
17
7
10
4
4
11
5
6
1
9
3
2
4
2
5
6
11
1
13
小
双
2018-05-13 17:05:008876839,8,623
5
4
6
25
1
15
7
3
2
9
20
18
8
11
1
5
12
6
8
2
10
4
1
5
3
6
6
12
2
14
大
单
2018-05-13 17:05:008876827,6,417
6
5
7
26
2
16
8
7
3
1
21
19
9
12
2
6
6
7
1
3
11
5
2
6
4
7
1
13
3
15
大
单
2018-05-13 17:05:008876817,4,516
7
6
8
27
3
17
9
7
4
2
22
20
10
13
4
7
1
8
2
4
12
6
3
7
1
5
2
14
4
16
大
双
2018-05-13 17:05:008876809,5,519
8
7
9
28
4
18
10
1
5
9
23
21
11
14
1
5
2
9
3
5
13
7
4
8
2
5
3
15
5
17
大
单
2018-05-13 17:05:008876790,9,514
0
8
10
29
5
19
11
2
6
1
24
22
12
15
2
1
3
10
4
9
14
8
5
9
3
5
4
16
6
18
大
双
2018-05-13 17:05:008876788,3,920
1
9
11
30
6
20
12
3
8
2
25
23
13
3
3
2
4
11
5
1
15
9
6
10
4
1
5
17
7
9
大
双
2018-05-13 17:05:008876774,4,614
2
10
12
31
4
21
13
4
1
3
26
24
14
1
4
3
5
12
6
2
16
10
7
11
5
2
6
18
8
1
大
双
2018-05-13 17:05:008876768,6,418
3
11
13
32
1
22
14
5
8
4
27
25
15
2
1
4
6
13
7
3
17
11
8
12
4
3
1
19
9
2
大
双
2018-05-13 17:05:008876758,5,215
4
12
14
33
2
23
15
6
8
5
28
26
16
3
2
5
1
14
8
4
18
12
2
13
1
4
2
20
10
3
大
单
2018-05-13 17:05:008876747,1,412
5
13
15
34
3
24
16
7
1
6
29
1
17
4
3
1
2
15
9
5
19
13
1
14
4
5
3
21
11
4
小
双
2018-05-13 17:05:008876735,1,915
6
14
16
35
4
5
17
1
2
7
30
1
18
5
4
2
3
16
10
6
20
14
2
15
1
6
4
22
12
9
大
单
2018-05-13 17:05:008876729,8,825
7
15
17
36
5
1
18
2
3
9
31
1
19
6
5
3
4
17
8
7
21
15
3
16
2
7
5
23
8
1
大
单
2018-05-13 16:05:008876716,6,214
8
16
18
37
6
2
6
3
4
1
32
2
20
7
6
4
6
18
1
8
22
16
2
17
3
8
6
24
1
2
大
双
2018-05-13 16:05:008876703,4,310
9
17
19
3
7
3
1
4
5
2
33
3
21
8
4
5
1
19
2
9
23
17
1
3
4
9
7
25
2
3
小
双
2018-05-13 16:05:008876693,7,212
10
18
20
3
8
4
2
5
6
3
34
4
22
9
1
6
2
7
3
10
24
18
2
1
5
10
8
26
3
4
小
双
2018-05-13 16:05:008876685,1,612
11
19
21
1
9
5
3
6
7
4
35
1
23
10
2
7
3
1
4
11
25
19
1
2
6
11
6
27
4
5
小
双
2018-05-13 16:05:008876673,5,08
12
20
22
3
10
1
4
7
8
5
36
1
24
11
3
5
4
2
5
12
0
20
2
3
7
12
1
28
5
6
小
双
2018-05-13 16:05:008876660,0,33
0
21
23
1
11
2
5
8
9
6
0
2
25
12
4
1
5
3
6
13
1
21
3
3
8
13
2
29
6
7
小
单
2018-05-13 16:05:008876651,5,39
1
1
24
2
12
3
6
9
10
7
1
3
26
13
5
5
6
4
7
14
2
22
4
3
9
14
3
30
7
8
小
单
2018-05-13 16:05:008876647,0,29
2
1
25
3
13
4
7
7
11
8
0
4
27
14
6
1
7
5
8
15
3
23
2
1
10
15
4
31
8
9
小
单
2018-05-13 16:05:008876639,6,520
3
2
26
4
14
5
8
1
12
9
1
5
28
15
7
2
6
6
9
16
4
24
1
2
11
5
5
32
9
10
大
双
2018-05-13 16:05:008876624,7,314
4
3
27
5
4
6
9
2
13
1
2
6
29
16
8
3
1
7
10
17
5
25
2
3
12
1
6
33
10
11
大
双
2018-05-13 16:05:008876615,2,310
5
4
28
6
1
5
10
3
14
2
3
7
2
17
9
4
2
1
11
18
6
26
3
3
13
2
7
34
11
12
小
双
2018-05-13 16:05:008876602,5,18
6
5
2
7
2
1
11
4
15
3
4
8
1
18
10
5
3
2
12
19
7
1
4
1
14
3
8
35
12
13
小
双
2018-05-13 15:05:008876599,5,519
7
6
1
8
3
2
12
5
16
9
5
9
2
19
11
5
4
3
13
20
8
1
5
2
15
5
9
36
13
14
大
单
2018-05-13 15:05:008876587,8,621
8
7
2
9
4
3
13
7
17
1
6
10
3
20
12
1
5
4
8
21
9
2
6
3
16
1
6
37
14
15
大
单
2018-05-13 15:05:008876578,1,514
9
8
3
10
5
4
14
1
8
2
7
1
4
21
13
2
6
5
1
22
10
3
7
4
17
5
1
38
15
16
大
双
2018-05-13 15:05:008876562,3,05
10
9
2
11
6
5
15
2
1
3
8
1
5
3
14
3
7
6
2
23
0
4
8
5
18
1
2
39
16
17
小
单
2018-05-13 15:05:008876552,4,713
11
10
2
12
7
6
16
3
2
4
9
2
6
1
4
4
8
7
3
24
1
5
9
6
19
2
3
7
17
18
小
单
2018-05-13 15:05:008876546,4,919
12
11
1
13
8
7
6
4
3
5
10
3
7
2
4
5
9
8
4
25
2
6
10
7
20
3
4
1
18
9
大
单
2018-05-13 15:05:008876537,3,616
13
12
2
14
9
8
1
7
4
6
11
4
8
3
1
6
10
9
5
26
3
7
11
8
21
4
6
2
19
1
大
双
2018-05-13 15:05:008876521,0,78
14
1
3
15
10
9
2
1
5
7
0
5
9
1
2
7
11
10
6
27
4
8
12
9
22
5
1
7
20
2
小
双
2018-05-13 15:05:008876517,0,411
15
1
4
16
11
10
3
7
6
8
0
6
10
2
3
8
12
11
7
28
5
9
13
10
4
6
2
1
21
3
小
单
2018-05-13 15:05:008876508,4,618
16
2
5
17
12
11
4
1
8
9
1
7
11
3
4
9
13
12
8
29
6
10
14
11
1
7
6
2
22
4
大
双
2018-05-13 15:05:008876499,3,517
17
3
6
18
13
12
5
2
1
9
2
8
12
3
1
10
14
13
9
30
7
11
15
12
2
5
1
3
23
5
大
单
2018-05-13 15:05:008876487,4,920
18
4
7
19
14
13
6
7
2
1
3
9
13
1
4
11
15
14
10
31
8
12
16
13
3
1
2
4
24
9
大
双
2018-05-13 14:05:008876478,3,516
19
5
8
20
15
14
7
1
8
2
4
10
14
3
1
12
16
15
11
32
9
13
17
14
4
5
3
5
25
1
大
双
2018-05-13 14:05:008876466,9,419
20
6
9
21
16
15
6
2
1
3
5
11
15
1
2
13
17
16
12
9
10
14
18
15
4
1
4
6
26
2
大
单
2018-05-13 14:05:008876454,9,922
21
7
10
22
4
16
1
3
2
4
6
12
16
2
3
14
18
17
13
9
11
15
19
16
1
2
5
7
27
9
大
双
2018-05-13 14:05:008876442,1,25
22
8
2
23
1
17
2
4
3
5
7
1
17
3
4
15
19
18
14
1
12
16
2
17
2
3
6
8
28
1
小
单
2018-05-13 14:05:008876432,4,28
23
9
2
24
2
18
3
5
4
6
8
1
18
4
4
16
20
19
15
2
13
17
2
18
3
4
7
9
29
2
小
双
2018-05-13 14:05:008876420,1,01
0
10
1
25
3
19
4
6
5
7
9
1
19
5
1
17
21
20
16
3
0
18
1
19
4
5
8
10
30
3
小
单
2018-05-13 14:05:008876417,1,08
1
11
2
26
4
20
5
7
6
8
10
1
20
6
2
18
22
21
17
4
0
19
2
20
5
6
9
11
31
4
小
双
2018-05-13 14:05:008876403,2,49
2
12
3
3
5
21
6
1
7
9
11
1
2
7
3
19
23
22
18
5
1
20
3
21
4
7
10
12
32
5
小
单
2018-05-13 14:05:008876393,6,615
3
13
4
3
6
22
7
2
8
10
12
2
1
8
4
20
6
23
19
6
2
21
4
22
1
8
6
13
33
6
大
单
2018-05-13 14:05:008876387,8,621
4
14
5
1
7
23
8
7
9
11
13
3
2
9
5
21
1
24
8
7
3
22
5
23
2
9
6
14
34
7
大
单
2018-05-13 14:05:008876378,2,717
5
15
6
2
8
24
9
1
8
12
14
4
2
10
6
22
2
25
1
8
4
23
6
24
3
10
1
7
35
8
大
单
2018-05-13 14:05:008876368,6,923
6
16
7
3
9
25
10
2
8
13
15
5
1
11
7
23
6
26
2
9
5
24
7
25
4
11
2
1
36
9
大
单
2018-05-13 13:05:008876353,6,312
7
17
8
3
10
26
11
3
1
14
16
6
2
12
8
24
6
27
3
10
6
25
8
3
5
12
3
2
37
1
小
双
2018-05-13 13:05:008876347,0,613
8
18
9
1
11
27
12
7
2
15
0
7
3
13
9
25
1
28
4
11
7
26
9
1
6
13
6
3
38
2
小
单
2018-05-13 13:05:008876335,5,212
9
19
10
2
12
5
13
1
3
16
1
8
4
14
10
5
2
29
5
12
8
27
2
2
7
14
1
4
39
3
小
双
2018-05-13 13:05:008876323,2,38
10
20
11
3
13
1
14
2
4
17
2
9
2
15
11
1
3
30
6
13
9
28
1
3
8
15
2
5
40
4
小
双
2018-05-13 13:05:008876316,6,820
11
21
12
1
14
2
6
3
5
18
3
10
1
16
12
2
6
31
7
14
10
29
2
1
9
16
3
6
8
5
大
双
2018-05-13 13:05:008876301,8,817
12
1
13
2
15
3
1
4
6
19
4
11
2
17
13
3
1
32
8
15
11
30
3
2
10
17
4
7
8
6
大
单
2018-05-13 13:05:008876293,4,18
13
1
14
3
16
4
2
5
7
20
5
12
3
18
4
4
2
33
1
16
12
1
4
3
11
18
5
8
1
7
小
双
2018-05-13 13:05:008876280,9,615
0
2
15
1
17
5
3
6
8
21
6
13
4
19
1
5
3
34
2
9
13
1
5
4
12
19
6
9
2
8
大
单
2018-05-13 13:05:008876276,7,821
1
3
16
2
18
6
6
7
9
22
7
14
5
20
2
6
4
7
3
1
14
2
6
5
13
20
1
10
8
9
大
单
2018-05-13 13:05:008876269,9,422
2
4
17
3
19
7
1
8
10
9
8
15
6
21
3
7
5
1
4
9
15
3
7
6
4
21
2
11
1
10
大
双
2018-05-13 13:05:008876251,1,57
3
1
18
4
20
8
2
9
11
1
9
1
7
22
4
8
6
2
5
1
16
4
8
7
1
5
3
12
2
11
小
单
2018-05-13 13:05:008876249,1,818
4
1
19
5
21
9
3
10
12
9
10
1
8
23
5
9
7
3
6
2
17
5
9
8
2
1
4
13
8
12
大
双
2018-05-13 12:05:008876236,7,215
5
2
20
6
22
10
6
11
13
1
11
1
9
24
6
10
8
7
7
3
18
6
2
9
3
2
5
14
1
13
大
单
2018-05-13 12:05:008876225,3,816
6
3
21
7
23
5
1
12
14
2
12
2
10
3
7
11
9
1
8
4
19
7
1
10
4
3
6
15
8
14
大
双
2018-05-13 12:05:008876217,1,19
7
4
22
8
24
1
2
7
15
3
13
1
11
1
8
12
10
2
9
5
20
1
2
11
5
4
7
16
1
15
小
单
2018-05-13 12:05:008876207,5,618
8
5
23
9
25
2
3
7
16
4
14
1
12
2
9
5
11
3
10
6
21
1
3
12
6
5
6
17
2
16
大
双
2018-05-13 12:05:008876199,1,010
9
6
24
10
26
3
4
1
17
9
15
1
13
3
10
1
12
4
11
7
0
2
4
13
7
6
1
18
3
17
小
双
2018-05-13 12:05:008876182,8,717
10
7
2
11
27
4
5
2
18
1
16
1
14
4
11
2
13
5
8
8
1
3
5
14
8
7
2
7
4
18
大
单
2018-05-13 12:05:008876175,5,010
11
8
1
12
28
5
6
3
19
2
17
2
15
5
12
5
14
6
1
9
0
4
6
15
9
8
3
1
5
19
小
双
2018-05-13 12:05:008876166,4,111
12
9
2
13
29
1
6
4
20
3
18
3
16
6
4
1
15
7
2
10
1
1
7
16
10
9
4
2
6
20
小
单
2018-05-13 12:05:008876159,6,722
13
10
3
14
30
2
1
5
21
9
19
4
17
7
1
2
6
8
3
11
2
1
8
17
11
10
5
7
7
21
大
双
2018-05-13 12:05:008876145,7,921
14
11
4
15
31
5
2
6
22
1
20
5
18
8
2
3
1
7
4
12
3
2
9
18
12
11
6
1
8
9
大
单
2018-05-13 12:05:008876136,2,19
15
12
5
16
32
1
6
7
23
2
21
6
2
9
3
4
2
1
5
13
4
1
10
19
13
12
7
2
9
1
小
单
2018-05-13 12:05:008876120,6,915
0
13
6
17
33
2
1
8
24
3
22
7
1
10
4
5
6
2
6
14
5
1
11
20
14
13
8
3
10
9
大
单
2018-05-13 11:05:008876111,1,57
1
1
7
18
34
3
2
9
25
4
23
1
2
11
5
6
1
3
7
15
6
2
12
21
15
5
9
4
11
1
小
单
2018-05-13 11:05:008876103,6,312
2
1
8
3
35
4
3
10
26
5
24
1
3
12
6
7
6
4
8
16
7
3
13
3
16
1
10
5
12
2
小
双
2018-05-13 11:05:008876095,6,516
3
2
9
1
36
5
4
11
27
6
25
2
4
13
7
8
6
5
9
17
8
4
14
1
17
5
11
6
13
3
大
双
2018-05-13 11:05:008876080,1,01
0
3
10
2
37
1
5
12
28
7
26
1
5
14
8
9
1
6
10
18
0
5
15
2
18
1
12
7
14
4
小
单
2018-05-13 11:05:008876071,7,513
1
1
11
3
38
2
6
13
29
8
27
1
6
15
9
10
2
7
11
19
1
6
16
3
19
5
13
8
15
5
小
单
2018-05-13 11:05:008876061,0,34
2
1
12
4
39
3
7
14
30
9
0
2
7
16
10
11
3
1
12
20
2
7
17
3
20
1
14
9
16
6
小
双
2018-05-13 11:05:008876058,7,823
3
1
13
5
40
4
8
15
8
10
1
3
8
17
11
12
4
7
13
21
3
8
18
1
21
2
15
10
8
7
大
单
2018-05-13 11:05:008876047,2,312
4
2
14
6
41
5
9
7
1
11
2
4
2
18
12
13
5
1
14
22
4
9
19
3
22
3
16
11
1
8
小
双
2018-05-13 11:05:008876033,7,010
5
3
15
3
42
6
10
1
2
12
3
5
1
19
13
14
6
7
15
23
0
10
20
1
23
4
17
12
2
9
小
双
2018-05-13 11:05:008876026,3,817
6
4
16
1
43
7
6
2
3
13
4
6
2
3
14
15
7
1
16
24
1
11
21
2
24
5
18
13
8
10
大
单
2018-05-13 11:05:008876016,7,518
7
5
17
2
44
8
6
3
4
14
5
7
3
1
15
16
8
7
17
25
2
12
22
3
25
5
19
14
1
11
大
双
2018-05-13 11:05:008876002,6,210
8
6
2
3
45
9
1
4
5
15
6
8
4
2
16
17
6
1
18
26
3
13
2
4
26
1
20
15
2
12
小
双
2018-05-13 10:05:008875997,9,420
9
7
1
4
46
10
2
7
6
16
7
9
5
3
17
18
1
2
19
9
4
14
1
5
4
2
21
16
3
13
大
双
2018-05-13 10:05:008875985,9,317
10
8
2
5
47
5
3
1
7
17
8
10
6
4
18
19
2
3
20
9
5
15
2
3
1
3
22
17
4
14
大
单
2018-05-13 10:05:008875972,2,610
11
9
2
6
48
1
4
2
8
18
9
11
2
5
19
20
3
4
21
1
6
16
3
1
2
4
6
18
5
15
小
双
2018-05-13 10:05:008875966,8,620
12
10
1
7
49
2
6
3
9
19
10
12
1
6
20
21
4
5
8
2
7
17
4
2
3
5
6
19
6
16
大
双
2018-05-13 10:05:008875952,8,616
13
11
2
8
50
3
1
4
10
20
11
13
2
7
21
22
5
6
8
3
8
18
5
3
4
6
6
20
7
17
大
双
2018-05-13 10:05:008875947,3,111
14
12
1
9
51
4
2
7
11
21
12
14
3
3
22
23
6
7
1
4
9
1
6
4
5
7
1
21
8
18
小
单
2018-05-13 10:05:008875935,8,720
15
13
2
10
52
5
3
1
12
22
13
15
4
1
23
24
7
8
8
5
10
1
7
5
6
8
2
7
9
19
大
双
2018-05-13 10:05:008875920,2,24
0
14
3
11
53
1
4
2
13
23
14
16
2
2
24
25
8
9
1
6
11
2
2
6
7
9
3
1
10
20
小
双
2018-05-13 10:05:008875918,0,614
1
15
4
12
54
2
5
3
8
24
0
17
1
3
25
26
9
10
2
7
12
3
1
7
8
10
6
2
11
21
大
双
2018-05-13 10:05:008875907,6,720
2
16
5
13
55
3
6
7
1
25
1
18
2
4
26
27
6
11
3
8
13
4
2
8
9
11
1
7
12
22
大
双
2018-05-13 10:05:008875897,6,821
3
17
6
14
56
4
7
7
2
26
2
19
3
5
27
28
6
12
4
9
14
5
3
9
10
12
2
1
8
23
大
单
2018-05-13 10:05:008875888,3,213
4
18
7
15
57
5
8
1
8
27
3
20
4
3
28
29
1
13
5
10
15
6
2
10
11
13
3
2
1
24
小
单
2018-05-13 09:05:008875871,8,413
5
1
8
16
58
6
9
2
1
28
4
21
5
1
29
30
2
14
8
11
16
7
1
11
4
14
4
3
2
25
小
单
2018-05-13 09:05:008875866,4,515
6
1
9
17
59
7
6
3
2
29
5
22
6
2
4
31
3
15
1
12
17
8
2
12
1
5
5
4
3
26
大
单
2018-05-13 09:05:008875851,5,17
7
1
10
18
60
8
1
4
3
30
6
23
7
3
1
5
4
16
2
13
18
1
3
13
2
1
6
5
4
27
小
单
2018-05-13 09:05:008875842,1,03
8
1
2
19
61
9
2
5
4
31
7
1
8
4
2
1
5
17
3
14
0
1
4
14
3
2
7
6
5
28
小
单
2018-05-13 09:05:008875831,0,89
9
1
1
20
62
10
3
6
5
32
0
1
9
5
3
2
6
18
4
15
1
2
5
15
4
3
8
7
8
29
小
单
2018-05-13 09:05:008875821,6,29
10
1
2
21
63
11
4
7
6
33
1
2
10
6
4
3
6
19
5
16
2
3
2
16
5
4
9
8
1
30
小
单
2018-05-13 09:05:008875810,6,410
0
1
3
22
64
12
5
8
7
34
2
3
11
7
5
4
6
20
6
17
3
4
1
17
4
5
10
9
2
31
小
双
2018-05-13 09:05:008875808,3,516
1
2
4
23
65
13
6
9
8
35
3
4
12
3
6
5
1
21
7
18
4
5
2
18
1
5
11
10
3
32
大
双
2018-05-13 09:05:008875797,0,411
2
3
5
24
66
14
7
7
1
36
0
5
13
1
7
6
2
22
8
19
5
6
3
19
4
1
12
11
4
33
小
单
2018-05-13 09:05:008875785,4,716
3
4
6
25
67
5
8
1
2
37
1
6
14
2
4
7
3
23
9
20
6
7
4
20
1
2
13
7
5
34
大
双
2018-05-13 09:05:008875770,5,813
0
5
7
26
68
1
9
2
3
38
2
7
15
3
1
5
4
24
10
21
7
8
5
21
2
3
14
1
8
35
小
单
遗漏统计
开奖日期期号奖号和值
百位十位个位
0
1
2
3
4
5
6
7
8
9
0
1
2
3
4
5
6
7
8
9
0
1
2
3
4
5
6
7
8
9
和值类型
大
小
单
双
出现总次数
14
18
16
17
10
18
19
31
22
14
15
22
14
16
19
20
21
15
21
16
15
13
19
20
20
22
18
19
17
16
95
84
89
90
平均遗漏值
11
8
9
8
10
8
7
4
7
9
10
6
10
10
8
7
7
9
7
8
10
12
8
6
7
7
8
8
9
8
2
10
1
1
最大遗漏值
23
21
34
37
26
27
26
16
30
48
36
26
29
24
32
31
32
34
21
32
25
30
25
25
26
21
50
39
40
26
7
79
5
8
最大连出值
1
2
2
2
1
1
2
2
2
2
2
3
1
2
2
2
2
2
2
2
2
1
2
2
1
3
3
2
2
1
9
3
8
5
参数说明
遗漏数据： 自上期开出到本期间隔的期数。
遗漏分层： 将当前遗漏用浅蓝色柱状阴影标注。
出现总次数： 统计期数内实际出现的次数。
平均遗漏值： 统计期数内遗漏的平均值。平均遗漏=每次遗漏期数之和/出现次数。
最大遗漏值： 统计期数内遗漏的最大值。
最大连出值： 统计期数内连续开出的最大值。