蛋蛋基本走势K线图历史开奖数据
遗漏数据遗漏分层折线
查询：
近30期
近50期
近100期
近150期
近200期
前天
昨天
今天
开奖日期期号奖号和值
百位十位个位
0
1
2
3
4
5
6
7
8
9
0
1
2
3
4
5
6
7
8
9
0
1
2
3
4
5
6
7
8
9
和值类型
大
小
单
双
2018-05-12 23:05:008875761,0,78
1
1
1
1
1
1
1
1
1
1
0
1
1
1
1
1
1
1
1
1
1
1
1
1
1
1
1
7
1
1
小
双
2018-05-12 23:05:008875754,8,416
2
1
2
2
4
2
2
2
2
2
1
2
2
2
2
2
2
2
8
2
2
2
2
2
4
2
2
1
2
2
大
双
2018-05-12 23:05:008875740,7,411
0
2
3
3
1
3
3
3
3
3
2
3
3
3
3
3
3
7
1
3
3
3
3
3
4
3
3
2
3
3
小
单
2018-05-12 23:05:008875738,8,622
1
3
4
4
2
4
4
4
8
4
3
4
4
4
4
4
4
1
8
4
4
4
4
4
1
4
6
3
4
4
大
双
2018-05-12 23:05:008875725,1,511
2
4
5
5
3
5
5
5
1
5
4
1
5
5
5
5
5
2
1
5
5
5
5
5
2
5
1
4
5
5
小
单
2018-05-12 23:05:008875710,9,615
0
5
6
6
4
1
6
6
2
6
5
1
6
6
6
6
6
3
2
9
6
6
6
6
3
1
6
5
6
6
大
单
2018-05-12 23:05:008875700,0,44
0
6
7
7
5
2
7
7
3
7
0
2
7
7
7
7
7
4
3
1
7
7
7
7
4
2
1
6
7
7
小
双
2018-05-12 23:05:008875692,4,612
1
7
2
8
6
3
8
8
4
8
1
3
8
8
4
8
8
5
4
2
8
8
8
8
1
3
6
7
8
8
小
双
2018-05-12 23:05:008875687,7,115
2
8
1
9
7
4
9
7
5
9
2
4
9
9
1
9
9
7
5
3
9
1
9
9
2
4
1
8
9
9
大
单
2018-05-12 23:05:008875678,6,014
3
9
2
10
8
5
10
1
8
10
3
5
10
10
2
10
6
1
6
4
0
1
10
10
3
5
2
9
10
10
大
双
2018-05-12 23:05:008875663,5,715
4
10
3
3
9
6
11
2
1
11
4
6
11
11
3
5
1
2
7
5
1
2
11
11
4
6
3
7
11
11
大
单
2018-05-12 23:05:008875651,5,713
5
1
4
1
10
7
12
3
2
12
5
7
12
12
4
5
2
3
8
6
2
3
12
12
5
7
4
7
12
12
小
单
2018-05-12 22:05:008875641,3,15
6
1
5
2
11
8
13
4
3
13
6
8
13
3
5
1
3
4
9
7
3
1
13
13
6
8
5
1
13
13
小
单
2018-05-12 22:05:008875633,7,919
7
1
6
3
12
9
14
5
4
14
7
9
14
1
6
2
4
7
10
8
4
1
14
14
7
9
6
2
14
9
大
单
2018-05-12 22:05:008875625,6,213
8
2
7
1
13
5
15
6
5
15
8
10
15
2
7
3
6
1
11
9
5
2
2
15
8
10
7
3
15
1
小
单
2018-05-12 22:05:008875611,2,811
9
1
8
2
14
1
16
7
6
16
9
11
2
3
8
4
1
2
12
10
6
3
1
16
9
11
8
4
8
2
小
单
2018-05-12 22:05:008875604,4,816
10
1
9
3
4
2
17
8
7
17
10
12
1
4
4
5
2
3
13
11
7
4
2
17
10
12
9
5
8
3
大
双
2018-05-12 22:05:008875596,8,721
11
2
10
4
1
3
6
9
8
18
11
13
2
5
1
6
3
4
8
12
8
5
3
18
11
13
10
7
1
4
大
单
2018-05-12 22:05:008875589,8,320
12
3
11
5
2
4
1
10
9
9
12
14
3
6
2
7
4
5
8
13
9
6
4
3
12
14
11
1
2
5
大
双
2018-05-12 22:05:008875575,2,613
13
4
12
6
3
5
2
11
10
1
13
15
2
7
3
8
5
6
1
14
10
7
5
1
13
15
6
2
3
6
小
单
2018-05-12 22:05:008875562,5,18
14
5
2
7
4
1
3
12
11
2
14
16
1
8
4
5
6
7
2
15
11
1
6
2
14
16
1
3
4
7
小
双
2018-05-12 22:05:008875556,4,111
15
6
1
8
5
2
6
13
12
3
15
17
2
9
4
1
7
8
3
16
12
1
7
3
15
17
2
4
5
8
小
单
2018-05-12 22:05:008875545,1,612
16
7
2
9
6
5
1
14
13
4
16
1
3
10
1
2
8
9
4
17
13
1
8
4
16
18
6
5
6
9
小
双
2018-05-12 22:05:008875537,9,117
17
8
3
10
7
1
2
7
14
5
17
1
4
11
2
3
9
10
5
9
14
1
9
5
17
19
1
6
7
10
大
单
2018-05-12 21:05:008875523,3,39
18
9
4
3
8
2
3
1
15
6
18
2
5
3
3
4
10
11
6
1
15
1
10
3
18
20
2
7
8
11
小
单
2018-05-12 21:05:008875513,7,515
19
10
5
3
9
3
4
2
16
7
19
3
6
1
4
5
11
7
7
2
16
2
11
1
19
5
3
8
9
12
大
单
2018-05-12 21:05:008875506,4,717
20
11
6
1
10
4
6
3
17
8
20
4
7
2
4
6
12
1
8
3
17
3
12
2
20
1
4
7
10
13
大
单
2018-05-12 21:05:008875499,4,922
21
12
7
2
11
5
1
4
18
9
21
5
8
3
4
7
13
2
9
4
18
4
13
3
21
2
5
1
11
9
大
双
2018-05-12 21:05:008875486,5,213
22
13
8
3
12
6
6
5
19
1
22
6
9
4
1
5
14
3
10
5
19
5
2
4
22
3
6
2
12
1
小
单
2018-05-12 21:05:008875479,6,116
23
14
9
4
13
7
1
6
20
9
23
7
10
5
2
1
6
4
11
6
20
1
1
5
23
4
7
3
13
2
大
双
2018-05-12 21:05:008875461,5,814
24
1
10
5
14
8
2
7
21
1
24
8
11
6
3
5
1
5
12
7
21
1
2
6
24
5
8
4
8
3
大
双
2018-05-12 21:05:008875455,0,38
25
1
11
6
15
5
3
8
22
2
0
9
12
7
4
1
2
6
13
8
22
2
3
3
25
6
9
5
1
4
小
双
2018-05-12 21:05:008875444,1,38
26
2
12
7
4
1
4
9
23
3
1
1
13
8
5
2
3
7
14
9
23
3
4
3
26
7
10
6
2
5
小
双
2018-05-12 21:05:008875436,6,012
27
3
13
8
1
2
6
10
24
4
2
1
14
9
6
3
6
8
15
10
0
4
5
1
27
8
11
7
3
6
小
双
2018-05-12 21:05:008875426,9,318
28
4
14
9
2
3
6
11
25
5
3
2
15
10
7
4
1
9
16
9
1
5
6
3
28
9
12
8
4
7
大
双
2018-05-12 21:05:008875418,8,925
29
5
15
10
3
4
1
12
8
6
4
3
16
11
8
5
2
10
8
1
2
6
7
1
29
10
13
9
5
9
大
单
2018-05-12 20:05:008875401,2,69
30
1
16
11
4
5
2
13
1
7
5
4
2
12
9
6
3
11
1
2
3
7
8
2
30
11
6
10
6
1
小
单
2018-05-12 20:05:008875397,9,521
31
1
17
12
5
6
3
7
2
8
6
5
1
13
10
7
4
12
2
9
4
8
9
3
31
5
1
11
7
2
大
单
2018-05-12 20:05:008875389,6,116
32
2
18
13
6
7
4
1
3
9
7
6
2
14
11
8
6
13
3
1
5
1
10
4
32
1
2
12
8
3
大
双
2018-05-12 20:05:008875373,1,711
33
3
19
3
7
8
5
2
4
1
8
1
3
15
12
9
1
14
4
2
6
1
11
5
33
2
3
7
9
4
小
单
2018-05-12 20:05:008875366,9,823
34
4
20
1
8
9
6
3
5
2
9
1
4
16
13
10
2
15
5
9
7
2
12
6
34
3
4
1
8
5
大
单
2018-05-12 20:05:008875356,7,316
35
5
21
2
9
10
6
4
6
3
10
2
5
17
14
11
3
7
6
1
8
3
13
3
35
4
5
2
1
6
大
双
2018-05-12 20:05:008875349,8,623
36
6
22
3
10
11
1
5
7
9
11
3
6
18
15
12
4
1
8
2
9
4
14
1
36
5
6
3
2
7
大
单
2018-05-12 20:05:008875336,5,920
37
7
23
4
11
12
6
6
8
1
12
4
7
19
16
5
5
2
1
3
10
5
15
2
37
6
1
4
3
9
大
双
2018-05-12 20:05:008875328,7,318
38
8
24
5
12
13
1
7
8
2
13
5
8
20
17
1
6
7
2
4
11
6
16
3
38
7
2
5
4
1
大
双
2018-05-12 20:05:008875317,8,217
39
9
25
6
13
14
2
7
1
3
14
6
9
21
18
2
7
1
8
5
12
7
2
1
39
8
3
6
5
2
大
单
2018-05-12 20:05:008875303,3,915
40
10
26
3
14
15
3
1
2
4
15
7
10
3
19
3
8
2
1
6
13
8
1
2
40
9
4
7
6
9
大
单
2018-05-12 20:05:008875291,6,613
41
1
27
1
15
16
4
2
3
5
16
8
11
1
20
4
6
3
2
7
14
9
2
3
41
10
6
8
7
1
小
单
2018-05-12 19:05:008875281,0,67
42
1
28
2
16
17
5
3
4
6
0
9
12
2
21
5
1
4
3
8
15
10
3
4
42
11
6
9
8
2
小
单
2018-05-12 19:05:008875274,9,013
43
1
29
3
4
18
6
4
5
7
1
10
13
3
22
6
2
5
4
9
0
11
4
5
43
12
1
10
9
3
小
单
2018-05-12 19:05:008875266,8,418
44
2
30
4
1
19
6
5
6
8
2
11
14
4
23
7
3
6
8
1
1
12
5
6
4
13
2
11
10
4
大
双
2018-05-12 19:05:008875251,9,010
45
1
31
5
2
20
1
6
7
9
3
12
15
5
24
8
4
7
1
9
0
13
6
7
1
14
3
12
11
5
小
双
2018-05-12 19:05:008875243,9,012
46
1
32
3
3
21
2
7
8
10
4
13
16
6
25
9
5
8
2
9
0
14
7
8
2
15
4
13
12
6
小
双
2018-05-12 19:05:008875234,0,15
47
2
33
1
4
22
3
8
9
11
0
14
17
7
26
10
6
9
3
1
1
1
8
9
3
16
5
14
13
7
小
单
2018-05-12 19:05:008875220,4,04
0
3
34
2
1
23
4
9
10
12
1
15
18
8
4
11
7
10
4
2
0
1
9
10
4
17
6
15
14
8
小
双
2018-05-12 19:05:008875215,6,617
1
4
35
3
2
5
5
10
11
13
2
16
19
9
1
12
6
11
5
3
1
2
10
11
5
18
6
16
15
9
大
单
2018-05-12 19:05:008875204,5,514
2
5
36
4
4
1
6
11
12
14
3
17
20
10
2
5
1
12
6
4
2
3
11
12
6
5
1
17
16
10
大
双
2018-05-12 19:05:008875196,2,614
3
6
37
5
1
2
6
12
13
15
4
18
2
11
3
1
2
13
7
5
3
4
12
13
7
1
6
18
17
11
大
双
2018-05-12 19:05:008875185,4,716
4
7
38
6
2
5
1
13
14
16
5
19
1
12
4
2
3
14
8
6
4
5
13
14
8
2
1
7
18
12
大
双
2018-05-12 19:05:008875172,7,514
5
8
2
7
3
1
2
14
15
17
6
20
2
13
1
3
4
7
9
7
5
6
14
15
9
5
2
1
19
13
大
双
2018-05-12 18:05:008875168,4,719
6
9
1
8
4
2
3
15
8
18
7
21
3
14
4
4
5
1
10
8
6
7
15
16
10
1
3
7
20
14
大
单
2018-05-12 18:05:008875150,7,310
0
10
2
9
5
3
4
16
1
19
8
22
4
15
1
5
6
7
11
9
7
8
16
3
11
2
4
1
21
15
小
双
2018-05-12 18:05:008875141,3,26
1
1
3
10
6
4
5
17
2
20
9
23
5
3
2
6
7
1
12
10
8
9
2
1
12
3
5
2
22
16
小
双
2018-05-12 18:05:008875135,1,612
2
1
4
11
7
5
6
18
3
21
10
1
6
1
3
7
8
2
13
11
9
10
1
2
13
4
6
3
23
17
小
双
2018-05-12 18:05:008875124,3,714
3
2
5
12
4
1
7
19
4
22
11
1
7
3
4
8
9
3
14
12
10
11
2
3
14
5
1
7
24
18
大
双
2018-05-12 18:05:008875117,1,08
4
3
6
13
1
2
8
7
5
23
12
1
8
1
5
9
10
4
15
13
0
12
3
4
15
6
2
1
25
19
小
双
2018-05-12 18:05:008875109,7,824
5
4
7
14
2
3
9
1
6
9
13
1
9
2
6
10
11
7
16
14
1
13
4
5
16
7
3
2
8
20
大
双
2018-05-12 18:05:008875092,0,13
6
5
2
15
3
4
10
2
7
1
0
2
10
3
7
11
12
1
17
15
2
1
5
6
17
8
4
3
1
21
小
单
2018-05-12 18:05:008875088,0,311
7
6
1
16
4
5
11
3
8
2
0
3
11
4
8
12
13
2
18
16
3
1
6
3
18
9
5
4
2
22
小
单
2018-05-12 18:05:008875072,5,310
8
7
2
17
5
6
12
4
1
3
1
4
12
5
9
5
14
3
19
17
4
2
7
3
19
10
6
5
3
23
小
双
2018-05-12 18:05:008875066,9,924
9
8
1
18
6
7
6
5
2
4
2
5
13
6
10
1
15
4
20
9
5
3
8
1
20
11
7
6
4
9
大
双
2018-05-12 18:05:008875050,1,78
0
9
2
19
7
8
1
6
3
5
3
1
14
7
11
2
16
5
21
1
6
4
9
2
21
12
8
7
5
1
小
双
2018-05-12 17:05:008875043,4,29
1
10
3
3
8
9
2
7
4
6
4
1
15
8
4
3
17
6
22
2
7
5
2
3
22
13
9
1
6
2
小
单
2018-05-12 17:05:008875038,6,418
2
11
4
1
9
10
3
8
8
7
5
2
16
9
1
4
6
7
23
3
8
6
1
4
4
14
10
2
7
3
大
双
2018-05-12 17:05:008875025,3,412
3
12
5
2
10
5
4
9
1
8
6
3
17
3
2
5
1
8
24
4
9
7
2
5
4
15
11
3
8
4
小
双
2018-05-12 17:05:008875010,5,813
0
13
6
3
11
1
5
10
2
9
7
4
18
1
3
5
2
9
25
5
10
8
3
6
1
16
12
4
8
5
小
单
2018-05-12 17:05:008875001,3,37
1
1
7
4
12
2
6
11
3
10
8
5
19
3
4
1
3
10
26
6
11
9
4
3
2
17
13
5
1
6
小
单
2018-05-12 17:05:008874995,4,413
2
1
8
5
13
5
7
12
4
11
9
6
20
1
4
2
4
11
27
7
12
10
5
1
4
18
14
6
2
7
小
单
2018-05-12 17:05:008874986,1,613
3
2
9
6
14
1
6
13
5
12
10
1
21
2
1
3
5
12
28
8
13
11
6
2
1
19
6
7
3
8
小
单
2018-05-12 17:05:008874973,6,110
4
3
10
3
15
2
1
14
6
13
11
1
22
3
2
4
6
13
29
9
14
1
7
3
2
20
1
8
4
9
小
双
2018-05-12 17:05:008874960,5,510
0
4
11
1
16
3
2
15
7
14
12
2
23
4
3
5
1
14
30
10
15
1
8
4
3
5
2
9
5
10
小
双
2018-05-12 17:05:008874952,3,712
1
5
2
2
17
4
3
16
8
15
13
3
24
3
4
1
2
15
31
11
16
2
9
5
4
1
3
7
6
11
小
双
2018-05-12 17:05:008874947,6,215
2
6
1
3
18
5
4
7
9
16
14
4
25
1
5
2
6
16
32
12
17
3
2
6
5
2
4
1
7
12
大
单
2018-05-12 17:05:008874935,5,313
3
7
2
4
19
5
5
1
10
17
15
5
26
2
6
5
1
17
33
13
18
4
1
3
6
3
5
2
8
13
小
单
2018-05-12 16:05:008874923,9,517
4
8
3
3
20
1
6
2
11
18
16
6
27
3
7
1
2
18
34
9
19
5
2
1
7
5
6
3
9
14
大
单
2018-05-12 16:05:008874917,6,013
5
9
4
1
21
2
7
7
12
19
17
7
28
4
8
2
6
19
35
1
0
6
3
2
8
1
7
4
10
15
小
单
2018-05-12 16:05:008874907,3,414
6
10
5
2
22
3
8
7
13
20
18
8
29
3
9
3
1
20
36
2
1
7
4
3
4
2
8
5
11
16
大
双
2018-05-12 16:05:008874899,2,314
7
11
6
3
23
4
9
1
14
9
19
9
2
1
10
4
2
21
37
3
2
8
5
3
1
3
9
6
12
17
大
双
2018-05-12 16:05:008874882,2,48
8
12
2
4
24
5
10
2
15
1
20
10
2
2
11
5
3
22
38
4
3
9
6
1
4
4
10
7
13
18
小
双
2018-05-12 16:05:008874870,5,27
0
13
1
5
25
6
11
3
16
2
21
11
1
3
12
5
4
23
39
5
4
10
2
2
1
5
11
8
14
19
小
单
2018-05-12 16:05:008874868,7,318
1
14
2
6
26
7
12
4
8
3
22
12
2
4
13
1
5
7
40
6
5
11
1
3
2
6
12
9
15
20
大
双
2018-05-12 16:05:008874853,1,48
2
15
3
3
27
8
13
5
1
4
23
1
3
5
14
2
6
1
41
7
6
12
2
1
4
7
13
10
16
21
小
双
2018-05-12 16:05:008874849,1,717
3
16
4
1
28
9
14
6
2
9
24
1
4
6
15
3
7
2
42
8
7
13
3
2
1
8
14
7
17
22
大
单
2018-05-12 16:05:008874836,0,28
4
17
5
2
29
10
6
7
3
1
0
1
5
7
16
4
8
3
43
9
8
14
2
3
2
9
15
1
18
23
小
双
2018-05-12 16:05:008874822,1,03
5
18
2
3
30
11
1
8
4
2
1
1
6
8
17
5
9
4
44
10
0
15
1
4
3
10
16
2
19
24
小
单
2018-05-12 16:05:008874813,5,412
6
19
1
3
31
12
2
9
5
3
2
1
7
9
18
5
10
5
45
11
1
16
2
5
4
11
17
3
20
25
小
双
2018-05-12 15:05:008874805,3,412
7
20
2
1
32
5
3
10
6
4
3
2
8
3
19
1
11
6
46
12
2
17
3
6
4
12
18
4
21
26
小
双
2018-05-12 15:05:008874799,0,514
8
21
3
2
33
1
4
11
7
9
0
3
9
1
20
2
12
7
47
13
3
18
4
7
1
5
19
5
22
27
大
双
2018-05-12 15:05:008874787,3,515
9
22
4
3
34
2
5
7
8
1
1
4
10
3
21
3
13
8
48
14
4
19
5
8
2
5
20
6
23
28
大
单
2018-05-12 15:05:008874771,8,211
10
1
5
4
35
3
6
1
9
2
2
5
11
1
22
4
14
9
8
15
5
20
2
9
3
1
21
7
24
29
小
单
2018-05-12 15:05:008874761,0,56
11
1
6
5
36
4
7
2
10
3
0
6
12
2
23
5
15
10
1
16
6
21
1
10
4
5
22
8
25
30
小
双
2018-05-12 15:05:008874757,0,29
12
1
7
6
37
5
8
7
11
4
0
7
13
3
24
6
16
11
2
17
7
22
2
11
5
1
23
9
26
31
小
单
2018-05-12 15:05:008874743,3,713
13
2
8
3
38
6
9
1
12
5
1
8
14
3
25
7
17
12
3
18
8
23
1
12
6
2
24
7
27
32
小
单
2018-05-12 15:05:008874738,2,212
14
3
9
1
39
7
10
2
8
6
2
9
2
1
26
8
18
13
4
19
9
24
2
13
7
3
25
1
28
33
小
双
2018-05-12 15:05:008874720,5,611
0
4
10
2
40
8
11
3
1
7
3
10
1
2
27
5
19
14
5
20
10
25
1
14
8
4
6
2
29
34
小
单
2018-05-12 15:05:008874715,9,115
1
5
11
3
41
5
12
4
2
8
4
11
2
3
28
1
20
15
6
9
11
1
2
15
9
5
1
3
30
35
大
单
2018-05-12 15:05:008874700,6,410
0
6
12
4
42
1
13
5
3
9
5
12
3
4
29
2
6
16
7
1
12
1
3
16
4
6
2
4
31
36
小
双
2018-05-12 15:05:008874699,9,927
1
7
13
5
43
2
14
6
4
9
6
13
4
5
30
3
1
17
8
9
13
2
4
17
1
7
3
5
32
9
大
单
2018-05-12 14:05:008874687,2,615
2
8
14
6
44
3
15
7
5
1
7
14
2
6
31
4
2
18
9
1
14
3
5
18
2
8
6
6
33
1
大
单
2018-05-12 14:05:008874673,9,315
3
9
15
3
45
4
16
1
6
2
8
15
1
7
32
5
3
19
10
9
15
4
6
3
3
9
1
7
34
2
大
单
2018-05-12 14:05:008874669,7,420
4
10
16
1
46
5
17
2
7
9
9
16
2
8
33
6
4
7
11
1
16
5
7
1
4
10
2
8
35
3
大
双
2018-05-12 14:05:008874657,2,413
5
11
17
2
47
6
18
7
8
1
10
17
2
9
34
7
5
1
12
2
17
6
8
2
4
11
3
9
36
4
小
单
2018-05-12 14:05:008874642,3,49
6
12
2
3
48
7
19
1
9
2
11
18
1
3
35
8
6
2
13
3
18
7
9
3
4
12
4
10
37
5
小
单
2018-05-12 14:05:008874633,9,820
7
13
1
3
49
8
20
2
10
3
12
19
2
1
36
9
7
3
14
9
19
8
10
4
1
13
5
11
8
6
大
双
2018-05-12 14:05:008874627,1,19
8
14
2
1
50
9
21
7
11
4
13
1
3
2
37
10
8
4
15
1
20
1
11
5
2
14
6
12
1
7
小
单
2018-05-12 14:05:008874614,6,313
9
15
3
2
4
10
22
1
12
5
14
1
4
3
38
11
6
5
16
2
21
1
12
3
3
15
7
13
2
8
小
单
2018-05-12 14:05:008874603,2,712
10
16
4
3
1
11
23
2
13
6
15
2
2
4
39
12
1
6
17
3
22
2
13
1
4
16
8
7
3
9
小
双
2018-05-12 14:05:008874599,3,719
11
17
5
1
2
12
24
3
14
9
16
3
1
3
40
13
2
7
18
4
23
3
14
2
5
17
9
7
4
10
大
单
2018-05-12 14:05:008874585,2,613
12
18
6
2
3
5
25
4
15
1
17
4
2
1
41
14
3
8
19
5
24
4
15
3
6
18
6
1
5
11
小
单
2018-05-12 14:05:008874576,7,114
13
19
7
3
4
1
6
5
16
2
18
5
1
2
42
15
4
7
20
6
25
1
16
4
7
19
1
2
6
12
大
双
2018-05-12 13:05:008874568,4,820
14
20
8
4
5
2
1
6
8
3
19
6
2
3
4
16
5
1
21
7
26
1
17
5
8
20
2
3
8
13
大
双
2018-05-12 13:05:008874551,5,915
15
1
9
5
6
3
2
7
1
4
20
7
3
4
1
5
6
2
22
8
27
2
18
6
9
21
3
4
1
9
大
单
2018-05-12 13:05:008874542,6,19
16
1
2
6
7
4
3
8
2
5
21
8
4
5
2
1
6
3
23
9
28
1
19
7
10
22
4
5
2
1
小
单
2018-05-12 13:05:008874538,1,211
17
2
1
7
8
5
4
9
8
6
22
1
5
6
3
2
1
4
24
10
29
1
2
8
11
23
5
6
3
2
小
单
2018-05-12 13:05:008874524,6,111
18
3
2
8
4
6
5
10
1
7
23
1
6
7
4
3
6
5
25
11
30
1
1
9
12
24
6
7
4
3
小
单
2018-05-12 13:05:008874516,9,621
19
4
3
9
1
7
6
11
2
8
24
2
7
8
5
4
1
6
26
9
31
1
2
10
13
25
6
8
5
4
大
单
2018-05-12 13:05:008874501,1,13
20
1
4
10
2
8
1
12
3
9
25
1
8
9
6
5
2
7
27
1
32
1
3
11
14
26
1
9
6
5
小
单
2018-05-12 13:05:008874499,0,09
21
1
5
11
3
9
2
13
4
9
0
1
9
10
7
6
3
8
28
2
0
1
4
12
15
27
2
10
7
6
小
单
2018-05-12 13:05:008874482,9,415
22
2
2
12
4
10
3
14
5
1
1
2
10
11
8
7
4
9
29
9
1
2
5
13
4
28
3
11
8
7
大
单
2018-05-12 13:05:008874474,7,617
23
3
1
13
4
11
4
15
6
2
2
3
11
12
9
8
5
7
30
1
2
3
6
14
1
29
6
12
9
8
大
单
2018-05-12 13:05:008874464,4,917
24
4
2
14
4
12
5
16
7
3
3
4
12
13
4
9
6
1
31
2
3
4
7
15
2
30
1
13
10
9
大
单
2018-05-12 13:05:008874453,1,15
25
5
3
3
1
13
6
17
8
4
4
1
13
14
1
10
7
2
32
3
4
1
8
16
3
31
2
14
11
1
小
单
2018-05-12 12:05:008874442,3,712
26
6
2
1
2
14
7
18
9
5
5
1
14
3
2
11
8
3
33
4
5
1
9
17
4
32
3
7
12
2
小
双
2018-05-12 12:05:008874437,7,014
27
7
1
2
3
15
8
7
10
6
6
2
15
1
3
12
9
7
34
5
0
2
10
18
5
33
4
1
13
3
大
双
2018-05-12 12:05:008874422,7,312
28
8
2
3
4
16
9
1
11
7
7
3
16
2
4
13
10
7
35
6
1
3
11
3
6
34
5
2
14
4
小
双
2018-05-12 12:05:008874412,2,37
29
9
2
4
5
17
10
2
12
8
8
4
2
3
5
14
11
1
36
7
2
4
12
3
7
35
6
3
15
5
小
单
2018-05-12 12:05:008874404,5,211
30
10
1
5
4
18
11
3
13
9
9
5
1
4
6
5
12
2
37
8
3
5
2
1
8
36
7
4
16
6
小
单
2018-05-12 12:05:008874391,7,311
31
1
2
6
1
19
12
4
14
10
10
6
2
5
7
1
13
7
38
9
4
6
1
3
9
37
8
5
17
7
小
单
2018-05-12 12:05:008874384,7,112
32
1
3
7
4
20
13
5
15
11
11
7
3
6
8
2
14
7
39
10
5
1
2
1
10
38
9
6
18
8
小
双
2018-05-12 12:05:008874377,0,29
33
2
4
8
1
21
14
7
16
12
0
8
4
7
9
3
15
1
40
11
6
1
2
2
11
39
10
7
19
9
小
单
2018-05-12 12:05:008874360,2,02
0
3
5
9
2
22
15
1
17
13
1
9
2
8
10
4
16
2
41
12
0
2
1
3
12
40
11
8
20
10
小
双
2018-05-12 12:05:008874353,9,618
1
4
6
3
3
23
16
2
18
14
2
10
1
9
11
5
17
3
42
9
1
3
2
4
13
41
6
9
21
11
大
双
2018-05-12 12:05:008874341,5,915
2
1
7
1
4
24
17
3
19
15
3
11
2
10
12
5
18
4
43
1
2
4
3
5
14
42
1
10
22
9
大
单
2018-05-12 12:05:008874331,5,06
3
1
8
2
5
25
18
4
20
16
4
12
3
11
13
5
19
5
44
2
0
5
4
6
15
43
2
11
23
1
小
双
2018-05-12 11:05:008874327,2,918
4
1
9
3
6
26
19
7
21
17
5
13
2
12
14
1
20
6
45
3
1
6
5
7
16
44
3
12
24
9
大
双
2018-05-12 11:05:008874316,4,818
5
2
10
4
7
27
6
1
22
18
6
14
1
13
4
2
21
7
46
4
2
7
6
8
17
45
4
13
8
1
大
双
2018-05-12 11:05:008874303,7,212
6
3
11
3
8
28
1
2
23
19
7
15
2
14
1
3
22
7
47
5
3
8
2
9
18
46
5
14
1
2
小
双
2018-05-12 11:05:008874292,5,29
7
4
2
1
9
29
2
3
24
20
8
16
3
15
2
5
23
1
48
6
4
9
2
10
19
47
6
15
2
3
小
单
2018-05-12 11:05:008874283,7,010
8
5
1
3
10
30
3
4
25
21
9
17
4
16
3
1
24
7
49
7
0
10
1
11
20
48
7
16
3
4
小
双
2018-05-12 11:05:008874278,8,925
9
6
2
1
11
31
4
5
8
22
10
18
5
17
4
2
25
1
8
8
1
11
2
12
21
49
8
17
4
9
大
单
2018-05-12 11:05:008874260,1,01
0
7
3
2
12
32
5
6
1
23
11
1
6
18
5
3
26
2
1
9
0
12
3
13
22
50
9
18
5
1
小
单
2018-05-12 11:05:008874254,6,212
1
8
4
3
4
33
6
7
2
24
12
1
7
19
6
4
6
3
2
10
1
13
2
14
23
51
10
19
6
2
小
双
2018-05-12 11:05:008874240,7,18
0
9
5
4
1
34
7
8
3
25
13
2
8
20
7
5
1
7
3
11
2
1
1
15
24
52
11
20
7
3
小
双
2018-05-12 11:05:008874231,6,512
1
1
6
5
2
35
8
9
4
26
14
3
9
21
8
6
6
1
4
12
3
1
2
16
25
5
12
21
8
4
小
双
2018-05-12 11:05:008874220,4,913
0
1
7
6
3
36
9
10
5
27
15
4
10
22
4
7
1
2
5
13
4
2
3
17
26
1
13
22
9
9
小
单
2018-05-12 11:05:008874217,4,718
1
2
8
7
4
37
10
7
6
28
16
5
11
23
4
8
2
3
6
14
5
3
4
18
27
2
14
7
10
1
大
双
2018-05-12 10:05:008874206,0,814
2
3
9
8
5
38
6
1
7
29
0
6
12
24
1
9
3
4
7
15
6
4
5
19
28
3
15
1
8
2
大
双
2018-05-12 10:05:008874196,4,010
3
4
10
9
6
39
6
2
8
30
1
7
13
25
4
10
4
5
8
16
0
5
6
20
29
4
16
2
1
3
小
双
2018-05-12 10:05:008874184,9,518
4
5
11
10
4
40
1
3
9
31
2
8
14
26
1
11
5
6
9
9
1
6
7
21
30
5
17
3
2
4
大
双
2018-05-12 10:05:008874173,7,919
5
6
12
3
1
41
2
4
10
32
3
9
15
27
2
12
6
7
10
1
2
7
8
22
31
1
18
4
3
9
大
单
2018-05-12 10:05:008874167,3,919
6
7
13
1
2
42
3
7
11
33
4
10
16
3
3
13
7
1
11
2
3
8
9
23
32
2
19
5
4
9
大
单
2018-05-12 10:05:008874151,7,210
7
1
14
2
3
43
4
1
12
34
5
11
17
1
4
14
8
7
12
3
4
9
2
24
33
3
20
6
5
1
小
双
2018-05-12 10:05:008874145,4,413
8
1
15
3
4
5
5
2
13
35
6
12
18
2
4
15
9
1
13
4
5
10
1
25
4
4
21
7
6
2
小
单
2018-05-12 10:05:008874139,4,619
9
2
16
4
5
1
6
3
14
9
7
13
19
3
4
16
10
2
14
5
6
11
2
26
1
5
6
8
7
3
大
单
2018-05-12 10:05:008874122,5,29
10
3
2
5
6
2
7
4
15
1
8
14
20
4
1
5
11
3
15
6
7
12
2
27
2
6
1
9
8
4
小
单
2018-05-12 10:05:008874114,4,816
11
4
1
6
4
3
8
5
16
2
9
15
21
5
4
1
12
4
16
7
8
13
1
28
3
7
2
10
8
5
大
双
2018-05-12 10:05:008874100,9,716
0
5
2
7
1
4
9
6
17
3
10
16
22
6
1
2
13
5
17
9
9
14
2
29
4
8
3
7
1
6
大
双
2018-05-12 10:05:008874099,8,118
1
6
3
8
2
5
10
7
18
9
11
17
23
7
2
3
14
6
8
1
10
1
3
30
5
9
4
1
2
7
大
双
2018-05-12 09:05:008874085,2,815
2
7
4
9
3
5
11
8
19
1
12
18
2
8
3
4
15
7
1
2
11
1
4
31
6
10
5
2
8
8
大
单
2018-05-12 09:05:008874075,5,313
3
8
5
10
4
5
12
9
20
2
13
19
1
9
4
5
16
8
2
3
12
2
5
3
7
11
6
3
1
9
小
单
2018-05-12 09:05:008874061,9,212
4
1
6
11
5
1
13
10
21
3
14
20
2
10
5
1
17
9
3
9
13
3
2
1
8
12
7
4
2
10
小
双
2018-05-12 09:05:008874058,5,114
5
1
7
12
6
2
14
11
8
4
15
21
3
11
6
5
18
10
4
1
14
1
1
2
9
13
8
5
3
11
大
双
2018-05-12 09:05:008874045,2,29
6
2
8
13
7
5
15
12
1
5
16
22
2
12
7
1
19
11
5
2
15
1
2
3
10
14
9
6
4
12
小
单
2018-05-12 09:05:008874037,7,014
7
3
9
14
8
1
16
7
2
6
17
23
1
13
8
2
20
7
6
3
0
2
1
4
11
15
10
7
5
13
大
双
2018-05-12 09:05:008874023,0,47
8
4
10
3
9
2
17
1
3
7
0
24
2
14
9
3
21
1
7
4
1
3
2
5
4
16
11
8
6
14
小
单
2018-05-12 09:05:008874016,4,010
9
5
11
1
10
3
6
2
4
8
1
25
3
15
4
4
22
2
8
5
0
4
3
6
1
17
12
9
7
15
小
双
2018-05-12 09:05:008874001,7,816
10
1
12
2
11
4
1
3
5
9
2
26
4
16
1
5
23
7
9
6
1
5
4
7
2
18
13
10
8
16
大
双
2018-05-12 09:05:008873994,3,29
11
1
13
3
4
5
2
4
6
10
3
27
5
3
2
6
24
1
10
7
2
6
2
8
3
19
14
11
1
17
小
单
2018-05-12 09:05:008873987,3,818
12
2
14
4
1
6
3
7
7
11
4
28
6
3
3
7
25
2
11
8
3
7
1
9
4
20
15
12
8
18
大
双
遗漏统计
开奖日期期号奖号和值
百位十位个位
0
1
2
3
4
5
6
7
8
9
0
1
2
3
4
5
6
7
8
9
0
1
2
3
4
5
6
7
8
9
和值类型
大
小
单
双
出现总次数
16
22
16
22
17
18
20
20
13
15
15
16
16
18
20
22
17
24
11
20
18
21
22
20
19
12
20
18
14
15
80
99
91
88
平均遗漏值
9
7
9
6
9
8
7
7
12
10
10
8
9
8
7
6
8
6
14
7
8
7
7
7
8
12
7
8
11
9
2
8
2
2
最大遗漏值
47
22
38
19
50
43
25
19
25
35
25
23
29
27
42
16
26
23
49
20
32
25
19
31
43
52
25
22
37
36
8
79
6
11
最大连出值
2
2
2
2
2
2
2
2
1
1
2
2
2
1
2
2
1
2
2
2
2
2
2
2
3
2
2
2
2
2
7
4
11
6
参数说明
遗漏数据： 自上期开出到本期间隔的期数。
遗漏分层： 将当前遗漏用浅蓝色柱状阴影标注。
出现总次数： 统计期数内实际出现的次数。
平均遗漏值： 统计期数内遗漏的平均值。平均遗漏=每次遗漏期数之和/出现次数。
最大遗漏值： 统计期数内遗漏的最大值。
最大连出值： 统计期数内连续开出的最大值。